223911 66437695 87830541 24559344 


11178268 137151521 1925168 131578198 


8348137 93367786 97157630 


3735159 532859478 1111324 433884876 


27086779 391920400 21411516 


10171044 444904122 237355236 335346574 


218512893 88157708 121715306 101851872 60055194 


208877736 206890893 151696969 93845072 176061267 17572749 60624743 279869940 


32613371 349074 783212 6234338 2057161 3695899 6703464 781477 25755980 


8893788 12009363 13261682 226043042 


181005653 170570973 132244779 196236520 


1830471 74682179 1836191 25413654 33995246 


264225 299537 1366642 25640040 63646439 168416800 214109 


3508227 1411007 1737762 50072488 


266770803 194162 6854347 165956523 17221178 25651077 382722 428381 1208290 18060464 54598 56944 367850246 74334 94121 6926 196922 216337 5711354 261536 317204 11158600 365885 376637 371083395 562708 690659 427434456 1032797 2144888 8524632 2155769 2961866 223442109 3668887 72021747 6579681 8705086 169115580 65726355 242739930 4409 81966681 26146 27079 137719875 39924 57973 251418712 73121 3439157 8127260 205288 291720 176354 407854 1419776 8291532 2164040 2347840 188883303 4438830 9397930 16742904 20507016 128245425 34764454 45756983 93203464 176941789 12770 8417108 300944 330985 15949626 355096 650837 8465706 724927 42233 48520496 4838 79561185 130820513 190968 223062 136139613 33865 86561 8519842 91780 207175 143938767 409404 1335112 77830921 2354942 2744635 27024150 3053472 3727825 273227 4462005 15607317 281577579 18310822 32162052 224261107 35663125 100130792 4360 11518 48143498 46205 48809 96588 151915048 9579006 209957 140315 210294 237508246 74614 131464 37330 83117 11809 144170 153097675 24284 33510 9083075 9238613 40090 34253 50712 53448 9361038 67512 112182 9651926 9793107 401723 141868030 458215 146568945 139515332 826651 253741399 39798987 406978205 6542 188628551 11589 21656 381640043 55031 56221 535569634 72993 95598 99873897 103081 233319 40596275 256670 155392004 382163 389711 464487 10038566 673357 840812 339070181 2531265 8021610 29175419 15728824 2750 307113207 1218767 8060 38554496 1876544 4862 166188383 46733 65665 10756084 75791 119121 11355501 124657 250357 442422 274243 292604 10915691 295882 434863 535798 657349 11452371 877691 974947 284033708 1320705 1786187 12324767 2783717 3084297 12139570 20458730 25064355 341365258 28990522 49681477 12332967 79907121 103719595 105667582 131653410 372288703 162859079 6715 9169 83861 67067 76781 636852 83139 104002 152326642 168238 383346 719438 548276 701461 397027142 964078 1229329 13385075 2457032 98824783 541320 126134 139453711 565528 55038 11024929 140759 320471 995751 449059 824890 267594956 164225093 13626132 57179347 710860 69111287 138521768 428761073 328128 221615 252407 518248 536452 2391429 235066 462871 814917 852527 1197345 1348561 1506097 1530981 1596113 1651588 1892597 1892891 1983899 2110934 2259698 2700199 2821223 3018488 3060572 3313018 3741858 3894851 4041114 4166878 4512428 4746197 5106638 5219537 5823813 1023124 6455269 6508969 7520075 7928645 15746141 16014481 17147888 18412197 35626468 48026708 157243469 191858209 520739998 231918 1882414 1948798 293270973 251570 203619 285276 460901 591974 621070 690878 886342 1123847 1449497 1484065 2815137 3748073 3754373 3893799 3915526 4504152 4637630 5302959 6517156 7466968 8465503 8554971 8736457 8902553 11763978 11800347 14236094 17106667 19607837 26821662 32369155 33809596 50329040 52450171 55277689 56505209 57771381 58914157 59411366 66835995 70802763 80472520 84089436 84911534 85784357 88201338 90585744 92349291 92687646 94319722 96106802 106574333 109799367 115816091 6122832 116012399 118798330 122694107 134738418 134796121 136743608 137640821 139167333 143795176 152419016 153351371 154768909 156607095 158847467 159250955 160799040 161712518 168031397 171947113 173929980 181684705 182143268 183265882 188822155 203243416 207634555 208454576 210086531 213105618 213178191 213384608 216800595 218970687 225750115 231717455 235605387 254643490 254686680 256793488 258245305 258270429 261978624 270085149 281523875 287232893 292217520 294082709 299034253 303500994 304980544 2832396 3250734 4575489 201454352 356799 2389500 67203839 224523567 286833035 456930 21862986 51932416 81978710 39312864 1994727 3975343 4416416 4726952 4756068 4789441 5288899 5421412 5545088 5715434 6156699 7022092 7475295 8063340 8597164 8675503 8863704 9695286 10062713 10949352 11639803 11971326 12501101 13915230 14085717 14197765 15330359 18739049 18818396 20249971 21278288 22224959 22376432 23498703 23807587 23868376 24511782 24968584 26151177 26287276 26678938 28037646 28352497 29667571 29840976 31670792 31741467 38987952 42523457 46854424 51269035 53050368 53212318 53449629 56791375 59272326 59990155 61929194 66360949 68504419 76790647 99103961 133898978 134741370 136848204 137826446 143554404 143557559 144392216 146850870 148386333 152334114 159131292 163095430 166823591 169459510 172082574 198894523 202590157 206566694 237055390 237318523 249321631 253072734 255476890 259766146 267267231 268284144 269146109 275796080 284539503 288843533 295635502 315958062 321371476 323069230 327144706 340937850 341263802 354507744 360883672 399862159 407068847 423982653 443049674 447539953 508288790 523523531 528651684 529125879 534551238 538737895 552969971 559423295 560045602 560768954 579141502 590844460 1728592 2926007 5692707 20331071 28408034 51440548 53918776 188619818 278679372 2300132 6157 3470597 13938760 65781 380892 520127 904115 1368160 1865247 2168624 461844 666191 2506515 312935027 389924 633223 1322487 2282550 25903098 77838905 259493882 3547871 234914 269324 886064 1425564 1619239 2457175 4861164 55084513 59611708 106442196 318014441 204306 39074638 156925389 261329 472757 121948 181466 377651 499955 27314756 50342696 5979714 50669938 321229931 202325321 591048878 16491268 18705798 184642917 25233616 522704416 20828994 525136660 535914782 540705924 1663346 18463305 1795431 1868211 1724931 3327546 98929641 1664382 3287973 566824423 1666653 6410242 587347382 260631431 1675069 1678232 1679436 163425214 1691051 2224771 54641926 1532945 52016464 5288596 1291906 44142979 494497425 525236324 1247561 3442087 3741795 6830433 1742219 1745258 134235031 1754605 15574420 121406006 5975582 83043415 3425522 3751947 7797458 1777893 179776072 8727139 516734636 3270831 3591622 7670072 29156051 46318235 96508534 125082989 166867901 167212840 4135766 186058074 221801787 255942853 263265117 292264381 304997889 343138191 347365924 352085700 358354216 1074408 362306768 377511586 406188975 424397339 26451044 448612364 461647398 498274428 520459533 145589200 1801062 64448309 1813477 29798135 1813559 1818263 3137183 9842629 298933 138112243 131799952 1839887 226365277 1516656 1860246 256066458 5293786 5064400 49820081 2614331 321033166 700773 1883852 7881660 1361612 4394102 206857068 1916626 1895808 3441920 8690486 13490413 15728471 3901143 10274567 1910201 60319299 100268095 1916821 2326761 3872539 64431958 882260 409124924 11760678 1057709 283328603 1929049 2569679 1943371 7533465 15046798 8097818 3326301 62058769 1952715 5381683 21765643 62233621 1965802 568193 1961535 30691242 520549611 487655842 1979697 139398065 1987393 50087754 895162 3556070 233432788 268765564 273394194 522073861 563886417 2002641 11215628 51190211 2018610 504738674 133715261 4916908 150944142 222024282 365144058 185550737 28677746 368352295 51387644 205685176 104841898 162635415 12289037 10846408 14411985 16866831 8638858 8712894 228209283 445474278 3895538 12289821 56221463 9399682 9569070 168583014 521940713 572874 5910094 106559571 143708536 211075692 10434305 10611685 10774387 144864 456581916 3817773 9110683 1079348 1128805 20216275 978942 2303746 975771 1827409 2344220 153986749 6702184 119777711 980608 18110719 1130808 331246747 992473 52323984 108143967 8620563 1549019 1637595 7178803 14908973 26904912 170967346 1205285 1022641 3458038 547091447 1141514 1142726 2660452 4245016 6913349 45214435 1023101 1470447 4502082 2348644 1029939 2637768 2225846 4125023 12816809 15264826 1031354 1297496 3221202 340381 7543304 9081679 53931370 256807368 467833808 1034781 1431035 3902415 59774306 935627 2266504 8875069 12164806 9797802 1056543 1067103 59324466 262842640 1072893 133718683 254574634 13676978 1085857 1095575 11527253 252543526 1698020 4271584 3889561 8253017 5885752 1555303 1129593 2453266 2791673 1188328 25141414 934608 39431432 1140610 1602785 54620855 214301142 1149725 1154014 7944767 10127337 61381700 2682621 3713406 6520811 91463019 97557114 5243642 16084189 1864263 4272435 15359251 5885924 1535896 1566090 5882170 3393219 1501434 4312506 1186428 10244707 28545191 28877095 35029793 35931771 38933117 40478140 54913237 92009917 101021340 142312411 147862130 150117817 162876209 174031055 183300944 205875400 212698059 219875795 222736529 224945970 230992155 232791491 250524608 252925877 274821249 283242038 321629018 332707912 363761277 367932289 384275512 409728726 413338837 445019646 455049530 482095113 488983361 503647644 555336780 559732684 1425114 5043687 13531251 18239724 40890151 89672871 115061822 117065663 133246798 136422532 145771751 166509264 181520833 189223264 191823843 198500065 251655523 264478183 450497 2501462 256609 260972 539624 733488 802371 1051187 274834 603110 637876 646214 348848 767487 266562 1000193 1047644 1205701 1427346 2253856 34126 7004619 2100485 2335094 275153 5362587 31745215 32467274 55783291 63131452 132217647 248297907 4437291 4102329 282726 408979 2145242 768925 522996 181152086 291110 4489476 320532234 294866 770902 241850897 429251563 772004 1358532 3578558 2474146 296853 281880 1458478 1200810 13826150 470283 470127 913767 81964090 304565 5933121 760590 6116183 78407451 309123 316822 1753962 2598447 50328 617116 3504007 1498165 330094 1370774 484792 3890876 6858415 97512098 218136 566529 641177 1079661 1352378 2801710 3771993 4110445 6897465 6952996 24777194 28633606 35754973 147654654 269804447 564379 1048133 1562633 4561041 57790777 570459 782257 970447 1138220 5151085 23295281 343132 349944 655268 699318 957335 1035530 1108019 1109325 1173501 1285634 1915716 29950736 1317446 589277 41372811 207249564 3325989 7363164 351033 49074357 6816596 3803952 5308155 7432535 19386920 356077 48828694 367371 335210312 1809306 9062926 21211217 43625549 4460770 220644333 91105374 62857482 63850351 63986633 180904412 65864136 34024142 498137237 261738599 17975467 66609915 67259216 236428961 67970828 223192994 68649350 69978241 293405117 71157035 341465402 71859666 144391564 188997719 76388561 1399774 345087894 78552762 232232431 525272023 78918705 266692290 73485504 348516137 364118054 383215840 391713756 82352026 243472242 185838519 302607258 401565188 559491292 184580248 203682757 253632126 85536422 92335803 85623181 89026285 25026717 312689444 92163161 103043916 273904732 306685457 440762789 582045837 159990109 92887506 94743574 189573686 96309519 377544425 145353067 186112419 465195308 506006503 3115452 237036573 16626 87955 1283907 51387912 150553721 16092 53605 182404693 787314 1575200 97889822 122684351 1225626 1755092 2136531 38594218 10829 158545 318406 406812 443448 443946 461445 518152 914279 1504785 2429838 3137919 5162969 5525582 14223798 17744301 19110268 35817192 36851367 49019665 135847015 9924 178414 509840 847051 958898 975740 1056854 1589049 2078700 2151163 4794834 6438654 101344128 1169068 1632852 38834 287539 316695 462170 463978 502486 525354 1532338 8050499 8475690 182732 212093 506200 711278 1021749 1858473 2407525 12474139 12861420 13940890 19945858 22724828 27625245 437162799 547151 1486196 1504111 1672761 3354588 6675758 7559812 8661988 9582001 20015073 21187163 29032904 72441444 137230653 145500033 198171911 204645074 210624716 216913452 892700 33449 59317 65829 76245 87794 104743 113960 152871 156219 213694 223019 223874 225947 270950 378430 380957 387862 406099 416704 524971 726452 734551 468646887 192005 37121 116063 140388 295141 354971 371640 508947 523238 557556 691545 698752 798957 812666 993739 1095310 1143235 1254773 1450787 1509516 1528158 1639628 1759772 1833019 3765789 6742711 7033738 8908779 499734 1970624 233395 395487 402061 498431 561220 1124754 1153292 65965308 84902988 227827 1870509 1927100 2410280 35738804 43605412 80883558 145327230 168040660 11646 5155743 6181382 85080164 388115252 507451 80488632 1705764 509050 1229638 2466642 2928671 7208398 7238510 7707700 268415688 445608265 1220203 10479969 510276 3967710 9012815 511373 2508654 6810698 521823 2417683 924668 1027716 1497424 1690187 2308955 3184172 32323192 179985767 1618922 977353 2338269 2639290 3373914 5245916 16428140 22692949 525986 51398270 2757128 3050501 3245068 5905070 100686926 1602011 4875796 8802384 28586550 293263718 312797934 382613828 412712183 431081729 534030 564782 1653991 1681960 5137303 1698657 1817186 2117243 76061117 891582 2866606 53872587 540674 1421341 3238991 3995528 104821559 547722 3085771 648112 5356268 1140993 2850768 27100828 18109666 46431281 69755578 69831324 82285287 152677917 158680203 171165131 289777256 551749 759228 555313 131824829 557323 145901397 558257 136854683 813053 3770935 1464021 1935752 54771992 78470840 724977 6843558 12808665 1288838 4749571 565421 583855 3245742 12997250 55431375 274429555 593882 2260724 2635283 200475832 18375445 71576077 1250701 713911 33645214 594072 1117393 595969 597025 1106029 1239350 598812 1737602 3229131 9707774 10338243 88215772 1595862 5156987 17893853 134844860 689564 681998 609856 2235673 117152848 610875 1759726 611063 294440 395425 408105842 616915 92413498 1098857 1704990 2237548 842901 999755 624671 901108 1348190 1747251 4345684 619769 4846964 70461391 6 195 280827617 693732 1190022 300292625 1882155 15629834 1677683 687342 3219715 3552906 3665758 3679124 3721756 3823866 4618669 5324065 5546202 5592713 5670488 5977001 5978908 6270362 6369735 6398198 7414366 7652123 7852046 8034672 8316289 8536997 9585685 9678950 10278660 10365838 11028228 11399188 11618793 12304487 12467048 13127346 14895372 17579158 18393314 18395737 18838506 19773856 19929885 20471032 21881472 22671833 23685262 23709373 25467770 27296322 27347198 27840008 30198022 30857751 31372496 32141982 37125363 38309201 38372751 41585746 42404807 44160401 44470100 46453127 46462361 48385127 49676165 50175219 50490792 51149165 55827371 56109258 56579500 57586194 58845952 63772229 64158654 65171071 66647410 67826603 67963576 69945613 70915549 70962939 71115248 76690973 77062854 77417299 79451420 79491719 79720983 84797484 84887798 95527759 95658062 96688671 96882448 97416098 98536203 99839996 101348503 101631840 104570574 106956823 114728241 116643604 116704687 116832968 119262022 120874313 121062910 123319365 125020654 128313246 133165443 133522021 134291367 136506644 137727972 139650034 142472825 142627356 144493346 144628503 144795167 144988385 147159610 147332981 152758039 152921147 156231340 157014438 157417301 157445438 158113047 159529649 159893955 161201691 161767731 162036501 162146554 162438490 163085914 165571323 166057533 166480875 166813190 167377752 168067189 171254402 172818601 173027189 173541909 174559513 180586220 182409893 184189446 186883929 187236627 187682192 188393363 189508888 190180986 191810664 195241179 196648306 199022995 199128940 204600866 206406360 207577505 212494651 212499514 3768 6492 5106 274 15745 55047 59368 66559 72981 73801 97134 99056 127986 346125 393551 405764 809577 823654 898562 906299 933429 936529 936595 1136865 1400162 1450071 1528107 1533610 1695366 2203645 2281102 3817661 9635879 10331407 481 3997 7207 23258 29046 85340 103931 167521 175571 303522 316469 394196 6823480 54713089 161156524 620 2540 2976 3597 4430 5304 6413 9467 12013 12808 29642 31132 35820 45126 55392 59967 84549 163234 175092 206553 238683 244701 269834 277827 427926 471780 594845 607735 1173668 1212606 5051584 17954442 62408529 267393247 565 726 995 1113 1118 1139 1144 1252 1394 1486 1792 2731 3022 3368 3422 3461 3685 222560782 223704896 224876039 224996018 226919345 260034027 229332102 231536981 231871787 231890859 233153219 234426651 235739845 237427820 241554281 242648812 492995979 1341319 245862336 341197424 1952528 244474708 470595504 444901181 245915489 83187327 362968667 246242540 247061088 247871110 249989102 250612194 257723295 408434 252130151 480423240 255749721 255539431 362513131 256604420 259111684 893912 3694963 5827691 3245 5863 9131 14914 18615 37552 53627 65806 75826 80381 91320 104645 214982 364658 383752 505433 560456 12876 50601 111251 287070 432722 999210 5446628 17282791 137155705 34483 40022 86472 107095 114877 269743 317766 336737 377261 419892 424811 462561 554173 1032586 1540295 1801018 12932 278068 391222 974117 1435703 2177689 5467484 6257261 26691754 34204435 39144031 178667038 5836 16047 17691 24120 109381 143491 152061 193130 409410 493135 515721 604946 694845 739664 875070 892314 1572707 2711657 3322847 3815713 6312355 20754700 24169368 24815271 41835280 140544097 220578495 4502 30029 45406 48233 82991 97264 366477 410484 420314 430071 453863 499736 504000 522234 569736 574405 1147722 2318791 2397858 2689221 3230153 4647642 4873676 5129494 5334671 10625647 10936166 11060830 13717005 535440 92198 181636 300172 367432 410707 411432 447070 864924 1134104 1189043 1986371 4456796 18754209 22696222 3795852 60739679 4735 13674 15890 390284 504650 1175176 3606961 17323710 723964 2735970 761239 1166147 1546421 2573188 3358426 32128 42414300 373198 981382 64511 76517 355568 500233 1233660 2258394 6343378 12652301 6180 7091 44943 55782 68203 73368 203011 239031 2343367 61984 281866 14172103 26740307 40957964 234213 14165223 15148394 16522194 288655241 39866926 29583643 16263350 500056155 185001272 758360 129132900 248714210 244093088 332419163 17355155 226958675 18235505 27312723 304985114 560544561 18440254 34370289 38611680 28750023 70957120 142367428 143556160 18670260 407944883 27097296 50943887 146185097 360627860 420403096 537170424 273105099 28901030 245297177 19525030 12559806 263553497 318768082 505146477 35382773 112257613 565977407 144513698 263188129 60151925 65511 145161455 440613167 95614904 145157781 160931851 235452632 254350168 269749326 417877759 213860443 220090470 509216632 283227231 153114352 44723266 981612 359939579 991363 5475162 50164494 66648098 6504092 61693029 70824270 71580191 94539748 95849916 108875903 126180557 153327507 157013106 180326500 184959171 192186264 196882591 208360942 239108762 243957592 247987625 291927399 294777377 446140929 476574737 335273244 21251457 38847505 54135713 467403919 438361177 1369341 22802949 263381892 1657663 29858523 148972416 40367966 188817225 23175098 162236 541129 617271 30617861 623209 785239 150703446 1141520 352127 204994493 175826070 1111387 482479304 6691251 337745244 322128639 458970 136994809 365468363 12448828 396074 193256 991660 12188772 434466230 6026527 249415 110591347 58627084 138687416 26875379 518299 751245 170117018 203568826 182812373 262618 218688315 1920948 255640199 7773732 12985778 332583983 695380 136381001 223636486 862277 145029298 334644724 447831249 4018682 209642 1134881 60918 451940911 609766 4732419 5506948 1238597 258345727 1834908 5055464 2093154 4285085 777992 138985037 4148260 53202306 36227301 4174803 306182323 41138333 5364751 14865439 949976 4203167 2508994 1050928 12279415 268841356 18744732 14355731 145318765 29725670 24962173 34310092 34566837 12863460 49768994 55557280 138451901 96140871 164292196 136276519 154247461 207799541 151656914 296292445 564504327 286234946 377030069 439289002 4557587 449691877 486973996 4428264 3576866 26614769 64024 267214675 108053 9598837 168549069 4447150 8515112 134478814 4735952 69791 4602306 20270209 437386 4611210 329829729 3653274 22555688 245495 34270210 348227286 558815 64699865 199253397 114727664 1190598 588775814 157263153 4679473 1583620 34338565 4707265 268113939 355124 4830207 1030122 597154 4869110 790909 886213 10051843 202395408 1543457 412471605 1618135 1996000 4891860 2172313 2575806 142832818 3212490 3469491 4892087 6408999 8802043 4925172 9673948 12609804 59107462 18525346 128505519 20742618 32294045 34843001 411315268 49729644 49743022 15880725 52185600 5031059 62413872 79717162 13456836 87979735 41909723 121378062 5250885 161257086 161763968 32033508 165218571 177944826 586786273 196726999 205370647 152390340 222437971 224220238 2339443 245248299 255587295 366688442 274187858 276427347 212397827 276774176 305222556 22591508 318216094 343537675 1599802 356409988 359134959 11146400 376964087 412383618 176235113 439447179 519746310 59909352 138247684 653623 209681732 282596358 293421800 27438068 34414193 4219301 1939886 1184494 76552457 64288098 177787443 203525390 928887 225186254 229573680 2243312 8918730 32383401 237158765 432304617 55649460 248361682 60448662 79318928 570060102 539343658 88941636 254993600 172887024 119533235 6524188 227923755 76454 5624427 5489298 295003 203818107 157418370 682361 1594970 91925689 1189266 15385715 2046729 8457898 133550352 202033060 1268042 1199516 3833540 4267851 226529846 305983302 176684916 1210897 2993123 12801616 6274619 1219623 1212353 1164192 1254483 1882681 3316468 4071101 7693018 1216012 25363 1231226 5077989 2222739 7791761 9271143 104029671 150863131 243148437 267714488 1234417 1240855 1651275 3843342 27564527 1465169 5226666 1285134 5644306 247753373 5842849 153214383 2790056 1290904 614103 2278696 189968636 222798587 1292460 1296285 7824886 1305822 3930546 5973536 12320421 4030608 1329157 57239526 4519427 9774070 153348117 169841318 187133815 5860338 10078292 1806848 56161398 759614 973292 1356980 4328056 7173267 12818501 32686280 32717748 99177374 204969704 352522296 422346306 450344056 502626383 529892157 537457884 5656118 1339596 2972506 5194852 6927224 452646399 1339876 1341763 1344699 2932810 3375657 1346960 1347620 19076234 154382345 1351146 59275223 7890017 84787023 1354802 1555421 3366726 61009173 78525898 1707319 1355098 2103431 7245914 1388186 38330501 96322837 149123149 21456372 39928427 207971556 2935818 18529666 54874748 1394583 2821752 1485967 1131073 1420373 1642069 17831371 5325273 92865212 163141067 1423442 1529076 25769366 545052118 1428818 17920581 251260482 444603258 174339089 1458024 3854622 4926456 565773117 8052682 1617814 23069500 1463865 228347039 431077 2864387 5917191 7229918 75016846 112702450 121444862 3226515 547947227 2071743 2039107 107973002 158288589 6563914 148157321 300286151 415629974 5685446 1397646 573359182 591605881 2657810 2692280 6342508 16473670 39418294 40768254 92839148 169912779 321050423 343832064 350807515 359881644 361065651 388051158 393721250 475088010 502391797 527830091 539240476 554977491 579294979 586651689 594860366 2086274 2208216 300533308 305356120 2106626 2305468 2105780 2137217 124113678 9013211 2146999 1217800 3933777 17088976 46108220 3505794 9358381 17838045 20491385 2163037 4067273 2167857 1060996 11854390 182713909 238424004 13719509 84206996 217935503 366496410 2181567 53037222 3443171 50856109 1113002 24717723 63109243 87875480 118372565 3651143 5354320 73097780 263889188 564041224 1797068 235077854 375683164 2248007 102060536 2253972 321908041 435357448 2254381 23163556 4455938 65050603 2383226 2425111 4881400 18188390 2265467 222639360 2265918 2290017 17599375 3121494 267334190 2375096 2300831 493198 1658707 2304626 5583761 2575400 225542825 47954016 76358134 31565202 4415569 10253233 29769138 132567566 345627175 504973660 2365957 181382772 3674929 2378454 2716517 145003131 184183741 2702997 4490799 4590259 126109158 6334069 2410497 12723509 2829419 219161431 14133126 2424669 4767372 275877345 2444199 8894597 2432796 2451183 326194468 4685306 2451291 2451446 9819308 138685964 169070865 406256595 1898069 2688419 5615944 10043328 671205 2146623 2448931 2848770 3133429 13767351 18593786 133293563 43441 58922 123629 302966 411644749 1059679 192575 6640055 16203797 178365 18215 1245017 113557 1125949 27188946 1316521 6535192 7868404 12560124 12627876 13848931 20263785 25083321 26802847 33742014 36279748 52760951 67447327 161523000 169539020 205949713 211929533 271061482 274631012 477955551 483384954 564026685 580865057 217371 1885927 38718189 93967372 65472 214840 328027 406102 432493 468685 630280 788596 890293 908071 1170143 1204570 1269211 1280921 1348398 1455040 1489631 1653268 1684915 1917274 2059261 2288089 2347392 2351840 2929402 3087280 3392308 3441170 3614550 3691117 6573989 7807267 183646676 188041084 302572 2498251 54020 73833 76255 482756 2410631 19336454 22593527 18331 592806 22260 591398 617822 876317 2058455 3036568 4658930 81819 427686 1183038 1388839 1549833 3100561 4044482 8418673 8921958 11073301 12919340 17784496 18362012 24296771 31318791 33979484 36101917 38481243 40607180 55260491 67462538 92184041 116386035 182395053 203602365 226190413 229666199 269078991 273802700 278350130 278722854 282261753 284213853 287403523 297508828 322598672 324724314 326350262 340019888 342911319 346785616 357257419 373926324 382222389 390198653 409585486 443303541 509219151 514259164 515575303 520863552 526427766 528034601 535437000 559441654 569869287 708659 31420 217298 321113 1519023 4731691 685464 195804306 3252637 2527635 20122782 212783200 100608880 55163 101284243 101397144 4269254 105558928 105526606 15929397 115567841 233915640 226051477 112335189 112585438 115535376 94009 1397798 282983019 366759669 187743438 121634672 122126665 482973496 123657837 125075648 126421386 252826539 53576250 7536178 186331782 33679547 136894180 5512088 200865746 466233282 21773209 95927720 172985773 178412213 219165125 299395285 343215205 382154810 500324785 135079731 177912491 213541422 571520524 136245418 427565566 137495733 137483957 154228240 139080206 160571564 294743794 382219339 145286495 273900967 322640507 147231824 140316277 147868806 148925634 150627353 151498530 238622764 3747 6792455 30005598 3763 4150 542724782 627118 4312 4318 1926639 599317277 8536236 651877 4725 4761 1992925 1425316 150740150 4799 4803 1186418 1396594 5245 5405 1978143 5448 555885952 2762942 5760 2021839 5770 5846 5884 1054527 5945 3281846 8512 5957 9374022 182088389 6496 7967 8704 9841 8003176 21357 13780 14047 6026653 17219 18752352 169970145 17326 300329410 963846 21785 6760937 22351 29142 459890 30851 34777 2802259 433340060 712265 206848801 48376 42816 251159614 2671404 43035 276215348 23753969 246926615 289779296 49784 55648 298217123 73642 58377 353773171 284668331 62107 418001943 89827 321035831 431639948 76608 79133 444142288 109353 431466603 445600141 90070 97411 433295545 103684 444765835 115965 207414 117786 448624132 280743 167559 449068843 297118 204896 463448145 207549 291167 491488831 507797400 319843 591282 1483799 517727698 1545843 1840044 563449802 575403070 12500785 590415705 676698 676741 1456625 6299343 749387 2696 1318249 3653 250201744 1145040 4463821 9008 111242597 5336284 2728 5460 3721873 15032 6283830 35524 28584 41690 1328369 32728 4155373 9700094 39558 46662 278263868 46664 760324 48642 13667905 57410 1045318 60427 50069 1956517 72058 2705257 3922600 94022 5964438 167024 6598100 75095 107587 110370 22502231 117462 10398969 60367809 65287281 2492718 109753536 136217294 21080273 41237029 321732719 5179454 370535592 308375404 406865183 80466451 500806372 561498438 2999291 767696 4893 992637 4947 1278 1301380 3409560 5121 3662789 8507 8357 9885 9995 3883260 9216 800062 9727799 1550346 1588282 769631 11685 11816 14769 22729 53860 17025570 297902946 25098 39296 63997 1454465 55372 1574854 105520 2205705 109489 2401709 120424 129094 67372 2340346 5208548 5281241 3103154 3208085 9062571 193532 106859127 262245 162447 30383996 383001 6766168 7026814 436454 461084 1270729 790999 979799 6043964 1269456 528222 2953967 100826610 628872 49386432 758515 2165161 2258473 213236318 214273312 215194084 215682424 215735402 217509642 218584500 218711302 218740199 219083665 219938102 223957365 225532262 225634323 226124507 231210518 232598048 233665891 243425927 245778806 245973948 249472013 256532612 266999224 267602513 268332528 269342401 269515097 269900552 270587820 271678723 272035623 276798750 277354415 284083600 284907112 292605387 294978794 297747674 300644265 305227494 310597027 311584358 313746561 321322320 321837846 323604279 324157912 325283565 325820549 327074323 328478229 334224369 342110226 343054669 343112395 344796650 351886421 356514016 360104782 360317146 361723009 369504143 136248 207450 1783157 57113971 320351814 323452121 454861406 522830467 587895400 143437 343513 688995 2360563 6873505 55811900 103706939 6016288 694703 587522 426541954 2316689 1174223 1327059 2228436 2260814 2545159 2708554 3531396 3932484 4725691 4818409 6162960 9348149 23730683 25890317 27867717 45207280 45429238 87753970 109031506 182987562 144033 994700 1967515 2198911 13245767 98169314 1667664 1685970 7570421 276308360 13366200 132100272 159053 1140161 20597794 4915312 2538003 25685811 28652779 169350926 159618 302990 627998 1223950 1547708 23658294 164038 1284429 8434969 1193201 2832818 4133634 173586 156291087 3019229 7192489 771347 14176097 4055350 175098 180431 6769123 16223701 241814955 183286 1778416 364050 432993 500460 3013119 4388566 7127945 12691926 381707116 2162552 269468103 44731874 190468 878702 1127720 690331 378880 206178 193247 494478039 504903221 267064135 396978212 267867118 267908901 18819698 268034715 268278331 270741229 485214998 171785683 271541356 469814372 274215097 274833318 380195891 5090032 318498190 276129148 277301454 144821452 257741619 279249568 57608934 280829878 91490774 522673653 286243476 290332940 290536583 378246074 293108103 16923921 548708280 511630843 307067953 294535023 457987812 505915233 15306925 309692494 309711707 310840200 313017509 593849930 314465828 315236741 317975125 318859471 28929471 92412827 3918421 4011619 3952060 43261964 216584215 343210599 5733 4026591 24588069 59464113 5954 6270 213763388 23980407 4219803 34894 4355261 35774 23415551 141484049 41525 216149047 99693953 6702668 541053001 404706420 422742946 24122259 43003 174427399 457530720 491144407 132016317 179310544 395224971 47795 25127870 334621855 10560407 83898419 25751711 25974659 291743545 167379617 56161 26549901 448065386 53482687 26785285 289192327 2190291 73341593 58767 2278519 77634133 334934533 8836881 59260082 62383 356495672 251022334 18286446 2223633 6428114 364824462 28042547 182289133 334394785 13771051 171624971 88060 29316226 5257845 3759914 295820503 32377566 59170922 154062231 8835499 2365268 161724289 151455905 106005339 590974820 277244090 34028160 183705444 190861508 34071847 132056918 174733083 34335056 143524 230639418 431415564 19857175 183894259 299547163 354197096 170179 10242655 35293717 35538484 273722239 195875366 57328353 33126798 351621975 49479643 163327651 271354405 291046767 137845838 38480997 143213287 381978634 168545931 221705833 225714990 38741407 130581382 90904915 1849068 369931 372826 133674817 1568781 985988 1219484 1964427 348717 3693517 6033051 4842456 6332221 10875064 18322105 19526191 372523 377004 156372889 49313710 378781 380538 399924 24946012 1193881 189787604 441990965 335027883 368666961 3126658 837264 878302 736862 894814 398460 57520474 5371786 5863580 6026826 6136751 12838323 328141398 2038750 134966045 619634 81928866 886214 118717693 5637116 914247 3879652 4272765 6105289 7257937 10472147 16951490 32426100 44567317 48019259 903 66357900 70678073 93734922 106951645 1624 109832264 116306110 155837017 164427669 175030288 175504617 2296 198638018 207123768 214454805 224505053 241126105 259235154 307061794 355622562 2621073 429300882 435631739 2046917 2485090 2941347 3020070 5008891 6249014 84565008 258327059 2527717 15945476 659420 2469375 5242081 8663259 235634717 57360211 490777473 400838 1741252 2420414 2920103 3941362 13636 59897380 85496521 96411293 406280 79397709 930100 2339495 577480 5012391 407993 29761227 620351 985870 1056364 5026760 1244962 1887218 2250431 2265251 2274077 2282324 2893730 3060575 3448530 3485158 12946456 13961405 44130190 332949899 180877772 576528433 975425 1558320 21346577 61410 1960058 5128656 2461992 204959678 417798 490903 33622075 34370156 251555053 1077313 431126 23126814 1392406 2293536 4767522 17141578 174065059 236276755 5679456 244285937 923080 1742321 3912374 5418909 49730750 121803449 178411404 1038752 1326551 21115578 65484 1121555 1402540 338002171 439824 47936838 2562329 4607671 68528 6162416 8444604 23964108 105753988 5298090 2744036 6329136 5271121 41826 854775 29080 5915 529827 47667 87574 294364 374537 383375 407827 485605 650412 1520831 1622357 3570035 5246316 5772 45544 45769 50295 66987793 100816 101361 102514 156441 189992 238583 214108 248275 300484 401359 317025 330830 493646 399013 399256 184027 415640 433591 466179 612525 195741 687602 687821 725700 915261 959803 1109198 556845 1318727 1342717 1404140 560429 1462482 1465974 1570444 1572628 1734069 1773345 2079629 2130792 2156724 3281409 3340072 2112093 3365454 3767499 3920404 4478507 4587546 4754473 7326017 8884602 9785428 11163651 21377054 11603343 11939907 14170968 16698400 5353867 19330437 26950503 29328617 32896057 73746940 132972957 213771815 221184970 3863253 892245 118592 161827 90080249 463252 514687 608486 643939 533 650743 689156 704106 879063 1173956 1479573 1642795 1798190 16587085 34916 3210 39495 114862 119560 179784 442421 1515487 4167 2050930 2555618 4332478 4519605 4656597 23357286 40908361 65962547 65847857 359137 969148 1201469 2411079 3131203 3314029 3605548 3698970 6318370 6461727 7793499 8468801 9885675 19598808 19770627 7007 38215107 40718649 53331496 55082571 69421057 80872660 100801741 104375286 141673169 141775978 153014981 157090619 251833509 256957529 456686568 538660835 80872 42010 116850 150564 230307 382521 450992 471745 892547 1144839 23841517 30810047 5346476 8490302 10913893 23886685 48505374 52769708 56208569 56840013 137070403 2631 5742 6251 32448 686555 6159638 11167542 384218 425200 593759 640820 860875 1015007 1057998 1073109 1192326 1279504 1396258 1577961 2002399 39599 3448739 15095087 479435080 641185 256749 1354423 6552799 11708234 331466 1113833 12852260 205076 1922640 35189623 55843 491953 152016 463097 463609 896113 1335468 2582355 26081510 5931000 25852426 588902 87881 175910 677129 1518010 51096328 82682 30166 121047 3255020 308416709 5745334 8498344 14439069 23883712 37853005 46574360 48571872 51660303 79517210 87839451 133740305 149374485 200330320 200770625 206866891 970857 1489561 2017210 5328788 22052542 133883 6858371 394564 1275294 2693345 202109 680396 1562317 100628 181484 1541041 166757 6239891 24623835 556344329 684803 2477326 49511361 534325 3165695 177448 5739358 7227186 13251003 15887010 16337487 17895248 7702346 9308963 88294985 355775 248121 368399 1086335 85852352 193378 1443388 690329 8804631 180944 802739 362810 921614 1325420 1674448 7239647 13713354 15358506 53458889 221879278 109811 1000643 798702 7829908 531831 372506 204748774 1315341 898171 1353789 1730362 4643642 7580575 19246967 34094379 44176876 56029684 138081922 146458631 156801904 176920866 251154180 558514523 543559 617016 1521555 4186987 19119950 1951821 533301 1052321 783530 1750628 118943 1166343 16931260 22608018 102039140 249231161 231369163 539119 527747 1985648 2586162 2897993 37616915 51101228 75347718 124591914 240519308 242200202 5008395 243657404 102841 1292412 1409539 540229 67096280 354278881 368909093 392596757 431493170 438040345 442990485 507566085 543056136 539394320 10390823 17199508 15582211 52028479 5858413 205619476 19444175 168807163 431945203 8809437 26549982 414284417 72116805 146908661 451284620 5859849 207975022 5926827 3140871 657079 32200692 2477775 8636712 91037860 390058550 299540187 6143188 17176015 112004335 201159195 267951224 491802779 6196273 177076135 499972871 103721075 216468123 6288051 6255337 15196399 362754931 208760413 9193878 591286807 6277586 21289268 6342255 5904431 6432609 21388136 22842014 45014187 71127705 135887294 137359611 212205185 228748426 251664583 275269670 306782559 368296554 436844823 484775121 536103174 164149180 6416385 6460764 158609343 27392460 16432916 55368510 112677484 6548042 55541110 6562499 47442323 6798376 334678 324726940 6713880 132040626 221779993 6823134 18467144 29682820 38682437 39446525 207050052 37173954 6855392 199324724 453065098 50618413 6866304 6928515 160624288 253798884 6960304 425185927 7109430 1607131 269901339 7223953 11014140 547406163 7196773 38818464 22380455 60254796 139438923 209987831 268677433 395501124 505242146 562448223 566824129 594343590 7293309 29715459 151681852 168879314 218925575 253005098 255038526 301497410 316950834 339664550 340352532 378082051 422523444 451221683 457138333 460265605 487271441 507286813 535837425 7579711 107790116 182260766 199932959 539376355 129442344 7583472 2472049 395171638 5066943 3971130 2474806 14870910 2487666 715311 4703389 5372695 197618534 4262425 5125054 157043892 36069202 1640774 3656826 3944172 21452089 386299124 3005745 4703555 10764957 429420698 44692752 357216368 455362375 531811239 559080649 2540562 2545971 3032387 2564028 326468183 200876238 2306493 2570609 138889778 1584200 193518898 325068080 352829 4070738 2188786 41750212 2607613 1415095 3467351 2661969 327362270 506393732 133521599 3420327 2912274 82648804 2702488 146430279 226091311 2707053 321906897 2764340 4891733 209930166 2239957 91784704 2757534 46274577 19888928 10823694 8791347 1762178 2716902 2790953 2417694 2804629 65758066 8817341 2834619 193484363 232819233 2861801 2911225 8841394 165006493 2886043 4503301 189809855 28755723 5562688 2918662 151313085 2911250 13186380 165885989 1677787 66264776 82567903 987002 1528512 170626161 2971191 47281339 487312137 5337842 7630352 33915671 1889926 2693945 44508774 542181300 2976988 944100 1408395 3900371 199482708 3006501 330685263 3026625 27278116 156532997 366619183 8015955 321742014 3035524 3431050 3755667 3043669 156020143 3063885 15857187 60607725 171961292 213505531 6038738 3099035 7064802 13393764 2018322 6610720 7605352 3211052 37048001 51538631 62469652 131904979 7073504 7092835 7300402 9113449 11555302 17085188 34843806 153768327 980561 156844762 170166484 113348853 165992740 225471033 179024095 506798351 4641606 13554407 1469200 660622 244763473 1482384 1479180 777254 1976219 4715982 31825840 154420134 134973059 175649064 585120091 188729710 1509277 154599424 428195661 410647716 156036985 533559666 154291 1419298 2497186 3487522 5262520 2786573 1595274 5380398 13463608 158411248 16448241 27734577 33908909 6363540 43012034 49243585 561492010 52000540 55378061 158906413 19068182 68659344 2134246 430868769 99692162 67288088 107680222 114637909 119659381 133407953 164820203 135810247 148404754 237802852 153320085 167603755 226977951 176709997 182883936 101857225 188887249 297192347 193581952 196396824 202330522 296995146 204368000 213093739 39584312 215213454 230065693 352136452 255432057 256218991 445288962 4575196 308927705 372307249 365518918 413445724 12487756 429249356 489740143 295531244 504122501 504243395 162879238 168729975 325023708 236611309 1509348 562048229 51711598 101755805 170208525 1522961 1515525 192249678 16011381 145894797 903297 1234974 1527464 365126459 226549079 2827080 166657498 1058047 445296904 383598556 529496925 419044030 167704221 780779 1228473 3089686 28037397 330011470 95944537 367394557 854220 1715106 15857384 14616105 41941805 50869386 81639483 112251702 170390622 504793276 149071932 1539396 123512940 1398894 35714619 3673424 171348493 18108357 5674677 39082009 42916573 171448052 73599599 82303173 163492368 182195652 183850057 1559154 173241643 6789948 16420623 134363545 3792120 1569956 273385883 173764221 1579031 345469941 8735141 174017900 200884715 3494827 225511584 7352629 8160311 174616683 9284507 9878625 175026976 12309057 14299865 292225524 15937615 34431249 369605828 48336644 49492341 175044481 72127894 78682849 177728098 7683004 414285878 176086735 176641052 80773906 166228728 178263352 1588057 244143277 2950670 192543352 3765804 6755608 50625199 8677967 10947304 393802968 20079501 21369736 72529276 23380129 27378557 180034779 27738841 31475945 477273377 35711151 50217139 51167213 60443869 66031062 66322552 76084619 82956650 248668150 85364514 116340897 382840545 141594309 143057534 418690100 159849816 185396749 183713583 192947183 250835726 255091389 18146079 1653142 686396 17678660 268218465 126109650 282245894 465459 627690 1766131 1321978 756441 4800557 6768845 561885 17408454 705916 21217975 2942379 4660331 856181 6761508 3426726 7220300 13539445 19650415 1025668 22317489 42193128 467717 64430916 76911803 1440523 140205968 628853 224728359 53319001 2727343 230659 267909138 1201151 2265669 162895081 265377 22169808 40935661 480648639 196772 65474 257708 2658911 330441 3193436 654425 5059975 319318123 204535 22895 4222562 32410 20709375 23217 726270 95628210 540919 97184344 4856362 155052104 3914594 219986849 1390522 271231898 99902 404843785 173093789 471839 3100804 486267351 904888 1542745 3840260 1768721 302811 557509 44126 844130 137266 137733 302876 660817 3646393 6794341 26899 1019679 288350 237202786 571409 4193634 5052705 2194637 98355371 5072692 5681611 619456 28724748 32777622 33424 103867490 54706 348936 206117242 4863345 763443 256876 10562664 456595 589377 706283 43380 760208 827363 99863 851257 989378 425333 51719 4869561 209553 312097 1133979 1248579 1414003 1644351 1743074 1578100 1986579 1409235 1995837 1574442 3163310 324698729 559595186 4298762 193472 293644 607548 2070817 869158 4048230 6022959 12662758 23263577 15910865 36752745 37620214 15175824 53177655 54258520 155861 58331660 521010 61409097 23978709 150832807 72849723 1522083 1633954 87811992 94642914 10462027 94643239 18119931 38575845 95612015 39336649 91392906 111247319 108943 202963713 126584523 1468031 46604679 133435397 614304 41808857 226635042 620142 37952 394884584 193772 11874109 597783 1182206 633720 2060013 2857423 1913723 2903020 2787570 4038448 6906449 7512655 93092 10395263 54802 370439 43569794 4679260 6502746 52042889 11917227 292179327 85132547 134553764 2780616 167105461 4024932 214322320 218108391 226934517 246201678 272751924 277743580 309296932 329751694 351238679 1486213 460617139 44285 221809 514705 517083 69344 458562 83611 714221 788744 970254 1035979 1028631 1143031 1307514 1192118 1549241 1911662 1554822 1775352 5371392 7355667 2079162 233260276 2003464 38935717 2156056 6117849 3395383 935170 282179 3808014 957575 2173664 3109250 2275823 3433784 27047515 39760124 10038234 51209586 1095 911 1611 20875 21723 27121 55397 90692 94893 113332 113704 179333 186781 200786 364614 382620 429860 448194 465227 530339 542131 652834 1497272 2936038 2594836 1117 1213 2694 2447 2745 3736 3793 3888 4517 5362 7147 7314 7337 7659 7685 7742 7777 7934 7998 8000 8129 8153 8705 8781 8944 9331 9741 11161 12935 13689 20926 21817 26433 35450 36568 39769 40702 42904 43267 51663 58412 58931 79672 81102 94192 103061 109075 137789 140979 142748 199175 204499 211614 251237 285320 329842 338747 353707 364382 370229 383780 394767 411269 427127 432895 520414 523322 543927 552063 557314 577053 598002 786190 853928 985727 1002578 1386567 1441165 2978339 3318184 5356156 8683640 15582840 15793630 20801840 21378649 38928336 61391275 94202630 99374843 109177106 195631501 263057949 1110 1119 1127 1405 1860 2645 2707 3259 5671 5685 5709 5992 6090 7202 7438 8331 8483 10547 11427 20271 22101 24067 40212 49290 49518 66129 92079 142717 181306 189669 220344 256863 350888 1151211 1397367 15308305 92363349 100911060 194750333 2767 3646 3915 3962 4163 5768 5862 6317 3351305 101324020 1541449 1559014 2036749 10002271 15743995 20273363 1575733 36950783 42456680 1415907 2576213 4262350 659522 6650104 327775720 152135237 159710220 184839710 192627218 1718509 228197620 266059162 4336262 270413743 293202555 339139859 438338671 269871836 457840830 590990448 296656447 123454 399462540 142430 1703468 2275461 2303674 11439301 24537285 449690288 47885195 481260059 68744619 72457401 511203982 515247197 87854035 319252491 319475714 183119030 572997438 540215088 100921849 323633822 482434366 123629256 370678806 331605956 339074850 138587968 194297801 235217510 711696 510828533 519372808 332802222 184769651 347420190 546534777 386556654 91872011 221493415 222260018 541070916 395309889 355179800 357463461 439580691 493236836 556999521 571885089 361344426 413668639 564335557 1360131 175918637 419724728 2576127 371148457 1815384 169839117 557561557 382361766 383043498 384051983 194422622 385627042 7711400 385697306 3177420 393964500 7807998 431105333 380310422 755104 178261559 405406127 10188963 168688146 413540672 430218262 447476108 835414 35496886 116984281 146252316 193838956 223280895 445797471 516864802 524896396 457694074 582196703 588089683 457860139 471007446 487519855 1549528 594342975 397586478 141293326 497595974 1599941 521249845 536175989 514676875 1383867 1621248 1941485 13369621 23778886 2481697 13644659 1946082 7856646 252742309 811920 12683053 827616 813353 1696230 2596259 3533057 839205 35314362 839455 150562294 855665 1242547 1554844 2228494 3688027 7464656 7896019 844765 854607 222686837 856079 877290 4222856 877000 863591 872232 1969331 2402706 55817073 887565 1959261 2253657 349482193 469745 1695972 3058485 52360422 140898581 890113 899094 1396348 1442525 3117789 3258816 5318971 5530388 161590490 216951 1202094 919874 1513351 3246849 374362 922954 1152676 1726466 2244684 2373102 2911413 2938013 5314530 7979640 8250584 901032 2066673 188165584 251383000 910963 1835967 3023277 22875457 23640242 426297755 432903488 1171338 4207919 913927 87525 781630 74106838 914390 3606608 916460 20009871 173942378 1013157 2880357 3608707 6131836 1293484 3958626 4392535 17586356 3344100 1095801 1075488 15461463 31745829 931774 153854 1763334 2279788 3123324 4774961 926932 851975 1914525 931813 25332546 934368 1171647 938338 1500506 2101387 49439112 70663485 187332266 2208813 940914 1101615 1214540 2589330 6569220 9112393 19031382 212911745 951885 2926915 954313 954176 669094 1527940 2341548 734777 1194344 6274050 7852184 9544477 957326 80571903 957401 489814 1173335 133394184 18935890 965390 1230038 966667 1665306 4484953 1513596 1593400 64689252 6067933 972560 637932 2015769 2413525 2636145 12102522 24069514 1574916 55784471 97085752 2897441 115507599 2197558 3216953 4097352 10628487 20258125 458286 59481910 83374016 12914856 841790 461180 55138666 461519 7208564 1167118 11343020 68658996 85496978 474484 395795 49551997 147501601 433567994 4052200 2244929 2446475 486553 1328939 438771705 505989 714884 9817517 1501862 1568451 1675907 10338211 17278900 24549580 7109311 318186660 16876558 12850144 1171359 18087600 20051386 1711693 1513389 295811 339315 443162 489148 579624 119077 1353564 204650477 1529281 1196423 1323467 3926280 165660 5717259 322306 423818 1024182 33220323 1403645 43302113 84633459 1835723 233914944 1940423 1947814 2442254 4125263 2197899 5303950 10827587 2263217 11701474 2465788 13031355 30885385 2559236 3200446 30900203 3412232 4450311 72845863 4786585 4855997 49372895 23855628 5709731 5879102 5858840 1334895 459855 6694338 2935545 4839262 7369500 7984202 545599 8298941 8551187 450179046 2690158 9287196 2082528 26139764 3119426 10527602 27754923 126919653 1990740 24418599 66644801 25333736 2722641 914693 26552123 1491888 32000941 51172100 575998 468149 1050973 44293581 48224663 700237 50367295 10052234 1459974 51424733 54093513 283923483 58663638 64589973 85217064 8997757 93547789 105555784 113595155 470959 115812909 138946499 139305057 206783481 224454609 86071053 225164398 504858 1556824 243357365 2315078 1242903 270359280 3545005 1585666 284369798 4012154 3108997 325814423 5201300 3940771 345815221 8784068 4831464 445981408 9760262 8089300 484870357 13534025 8857392 1461926 17189725 11797657 523177 19872554 16422895 125613 38500343 17392117 359278 77109277 23585127 88053209 618223 61267269 9845322 100688188 84307780 16915758 133808515 98458102 30331926 156061422 102003625 52751881 163705913 147814333 69125097 176074205 158099674 73197364 200230866 174005394 93298445 225436190 177316763 110524586 249528090 214097202 134667592 267601283 246313029 184656728 280334178 262982550 227396482 304988068 270820963 323581651 320850559 299875340 377696078 339751004 307528100 389694839 391300042 335983840 401807745 511989100 356958166 128926 4727975 398412688 27605709 134341 953190 442430870 476264 14472063 42036949 12544168 1026212 476488 8057657 815294 267149485 1003803 481382 205191 492823 508184 755796 482355 1254580 1274541 482482 1327458 715840 1367433 1441516 11807357 1546808 8414808 1632098 1691542 177774405 3604360 1884264 1512533 1946951 1980871 2576828 2009262 2162329 20526720 2404246 2489761 2518828 2520785 2669306 3139658 3204971 66285196 1299321 492769 374808139 12764782 26059554 40084814 590328814 41468417 80890376 217841709 325892816 44412564 44903902 390868099 45292335 477637311 139530074 413320952 183008048 559161815 235623095 54567857 591016144 198102209 199633271 268030778 353545786 438384769 539962204 365100728 89509180 73748910 2132050 401467584 361426414 118683907 19593966 2210199 50791109 6089479 20199520 3709526 67968850 413545419 27932636 225623376 136742453 1678850 51678887 273651308 352691695 52480086 222904353 52728125 5598912 4353919 140888483 367161088 191219147 410217461 941139 54615181 559870299 55042688 6504320 1520931 506313894 101101057 146614239 19086675 58707369 56575390 517977764 330700609 58094435 239423744 171339150 58772295 59223816 59298601 2765618 353231026 432152351 60699514 61377710 61773333 303235791 713937 954150 189305 365430 9000782 7785933 166662 590923 1046726 110152713 422701 1451996 2379425 3142437 8408973 36391536 74003 89084 118914 530523 966441 584390 2445364 81872672 44013 468654 477852 1751815 3437559 4908803 7429530 40262898 73211974 222422 108725486 428804 1679382 39239585 141799 441027 445778 453822 587875 597719 700446 798457 1463892 1500336 1508819 2114838 2141683 2610155 3881142 4143643 4575368 4575968 4650609 4678165 5013777 5323007 5781736 6258791 7906541 8299251 41630 48113 59607 325300 882185 895922 918664 921590 931820 937549 1091042 1098949 1128144 1134164 1165876 1244860 1306952 1370917 1403397 1631944 2054915 2903022 2988441 3278028 3300569 3346605 3457010 3466346 4182547 8754888 10849994 12623915 16546532 18029216 34021222 34381072 370557328 242710 279860 221802375 6440 13370 55681 61502 64060 68219 140734 261739 351772 394567 470647 871758 8602837 20595 71410 94708 101675 214385 249086 319791 378858 454581 33790511 228 59992 97705 122563 620208 773334 3973393 6413233 9540 1508815 1845668 7529 20304 33482 39728 50935 78588 804207 840707 1383796 995078 743129 2964402 1021555 2465565 437764 2550850 8640 153535 1667239 37597190 49030665 586016 3831728 11027712 16943224 38723062 62907304 90070929 495282 22183365 32581158 5741250 2842849 98977542 676706 355494959 561205 1341452 31105 64358 26738 197081912 275683 174868 854090 2005496 2305566 171493867 31299 1380956 2315399 1026553 1498223 6363967 715858 6414505 2603902 38594 148557 747914 57115 193690 241989 634887 642243 1006084 420503 1803495 56796 303536 576303 3568639 1213448 204775 214617 247932 1518179 440102 1059440 1335104 566488 14744748 366693 783193 793202 53313075 190721307 190733228 232195217 86727916 191528666 324663386 192512119 139313913 4620005 184719279 9030088 44570321 444509980 80970421 292726949 473337021 4672020 10576400 12202214 132100856 192017616 387264138 3413437 13318996 10429204 46766933 195627563 134227387 3282751 195640015 196360345 16688254 251680112 3310701 2688936 351257602 542238226 333509706 7950349 197630881 83667129 230141639 538777931 3358890 8404602 6050520 3362233 64243854 198734311 10678628 3398253 31623841 199493122 67486848 47789263 194392941 53206056 88062216 162593777 361414339 53599093 301097082 45987691 3441639 116377311 3425432 200885815 147445074 3468732 185566769 203200970 3239888 6186852 483533787 295931281 457931947 203896170 3510923 135030741 12147542 3511143 3520548 2464847 18441467 3553080 14342943 143688864 301236668 432543 3535015 206600965 9487242 14152636 39817735 3567763 59853923 395503548 5206410 107558303 208244035 155690681 194430091 67284700 227935251 244449181 507460779 268831571 297770699 392129761 307165294 344214606 385158741 390700704 401941063 455605603 290915292 554268092 500151369 40719304 184297668 19910923 492454139 138157441 6665694 10517931 67418782 212955890 91812264 97989285 213266041 99282672 135597158 194001918 302531082 329245999 9633657 550941981 275159484 6203459 183990200 3686227 145027602 5399200 34278809 291025 19208113 254046608 216257331 3739160 335450233 74959558 85247692 103849804 154394783 222863042 224630703 217352281 298924427 378102106 383277086 387650088 3454779 429665055 372698134 3801284 20928181 151420076 237857337 177028624 295290161 24364104 3824553 25464472 157236118 269515958 448703712 454740582 470266038 140258 471265997 501359827 474979907 32689659 254219792 427938120 532730916 539948474 553203010 580732176 13832242 3853528 6389229 3845314 1244943 220618592 84622702 220246900 3898882 221821499 4462950 


265826803 250766115 257827389 153040825 207023863 


222608429 216163995 17175242 227020996 223071528 223402763 224564595 224337960 


147642305 49460610 107395008 104493126 91848155 


14702667 3974410 39481657 


222617132 321506360 61676663 322526897 210164031 211402764 210859372 173017534 225355108 26488543 20753372 82356643 187207391 21208675 215477540 230659295 201895372 24553878 112555041 253556819 321575638 


5334129 65474120 62528799 125006053 23440380 244145617 236285998 88400089 167955219 


157575679 293138008 212039251 294134321 248815725 158869527 205107546 150983829 282427944 178383678 251266516 202565046 183151919 38059125 183968780 8067581 348900792 241841 18257111 26793507 


70920935 11231124 19920629 18340044 1391824 22662770 1720968 15420572 2961628 5513774 147392955 198517716 95015208 


197837684 2159435 1849273 


2261162 407602940 31350832 


5976056 4130953 2082050 


224873497 109852771 212030691 


135110427 52955449 247707938 119920644 


120619539 228239574 240794966 251279524 


282739023 196449190 353691111 


169407315 152638928 134101703 141395778 


239229264 198743837 276283718 198755155 201222820 139906314 134895344 229678383 27670351 63099843 137869209 217962256 193966593 


12914155 100831496 137659832 78196723 136648388 8819165 137528912 136231099 


146007727 284922735 225015994 


9459454 1867129 4261236 


14603958 270909386 270911040 270912508 271478344 271599365 271599915 271602088 271602675 272789026 322620935 54109687 268217380 266331400 271558964 271600766 270411271 270413332 272795016 272789697 337979155 272793100 286897569 327019389 516256066 270908707 251222402 59069561 272792444 270412353 281336546 270414423 270907766 


297347755 55168947 300400432 


301492852 295179438 1762226 264049542 61904391 144529815 131791875 


135328655 100203190 23738317 261910005 179900760 134975303 191271589 14754246 53211041 55775601 185172994 136899566 87954121 1019379 133319704 135660326 139034439 140238695 53519952 144074642 144196258 25960944 135586466 77480722 109344943 72797774 195212640 675772 24744053 141580837 110597777 111221371 97451770 135352375 138265076 139470757 56106307 94521532 139387274 116372180 144050936 142118186 24798473 142849602 42274593 27703248 53736258 29570273 38828995 


135539988 216865814 245396217 268030950 247995281 6806112 31858582 151668481 235785067 205286506 162305266 214081887 200534989 29449927 227477702 243857857 221225013 


157733847 33224084 170203832 158270233 223274899 207259001 


50513147 131425397 66600992 132323909 27205954 31724785 50521420 53473602 140377214 


134047366 3273824 142252950 247391143 229904184 165646676 186262365 


259234982 152257167 312285649 282459615 264995984 4892805 10330072 68767732 285763910 294446534 336138808 297096317 271024158 281806746 232458606 337422799 199050600 296801304 342793796 252792385 45260275 222394261 


2081562 83330935 848093 


210235599 11778423 5540856 217028366 


2502452 309173248 276358256 288830577 206190733 98796154 


76189850 86849016 44867876 24039970 134150648 20040085 29320147 97685922 112085510 42202606 62141753 87428533 18315546 83776475 88302229 227524656 43663334 112122354 56486598 91854007 56010634 48114761 60068097 71810963 94267111 83862687 57482052 35812167 90409840 36286929 82159159 27540517 27060873 51733187 97570520 23118088 71485901 


202893888 4549450 236956901 


201405717 193390795 145240220 


171055207 297724994 304847030 287625838 


309497521 117050225 198454135 213849001 269529979 1864111 187612917 210939197 220258950 234821420 


50307188 27919436 135082975 29480265 86711045 


332364288 494276079 160911058 160916564 175617239 


229537059 241843692 83164357 229274712 217445890 167566675 209753330 253443396 11055237 


170929153 25160196 250224611 


297982608 255904312 7697818 268059126 


140428447 178312578 208476140 434881883 398156436 463776836 


872338 520729603 173272328 


24197228 136082184 12761718 72571805 214368549 141474364 257534987 354853002 133344673 


59491228 16871747 172227393 


3362218 3584891 72036606 3363882 


250738483 239623447 364608540 


200279571 49482493 242821246 


3248581 409013185 8204083 


172659 54159073 21662397 59198554 43021457 214092789 28321846