268677433
566824129
7293309
29715459
168879314
255038526
316950834
340352532
422523444
7579711
107790116
199932959
129442344
7583472
367850246
222024282
5711354
28677746
371083395
51387644
205685176
253784814
72021747
104841898
162635415
12289037
8127260
13021603
19080775
3448530
8291532
188883303
16506913
8417108
93367786
8465706
48520496
130820513
143938767
16866831
30672478
8712894
445474278
71837643
81708683
2976988
224261107
944100
1408395
3900371
199482708
2693945
330685263
3026625
27278116
156532997
366619183
100130792
8015955
321742014
3035524
3431050
3755667
3043669
156020143
3063885
15857187
60607725
48143498
171961292
213505531
6038738
3099035
7064802
13393764
2018322
6610720
7605352
139313913
8893788
37048001
51538631
62469652
131904979
7073504
7092835
7300402
9113449
11555302
17085188
8819165
34843806
53313075
4770900
7949548
19509513
22613039
23380429
35810920
57437701
78970670
136648388
85718891
86717702
87109482
87529467
9030088
4620005
3211052
44570321
80970421
292726949
8973985
4672020
10576400
12202214
132100856
192017616
3413437
3273824
13318996
10429204
46766933
9054915
134227387
3282751
142252950
247391143
16688254
3310701
2688936
333509706
7950349
6050520
9083075
83667129
230141639
3358890
8404602
3362233
3363882
10678628
3398253
3362218
3584891
72036606
31623841
67486848
47789263
53206056
88062216
162593777
361414339
45987691
3425432
3441639
116377311
3468732
147445074
185566769
3239888
6186852
295931281
9361038
457931947
3510923
135030741
12147542
3511143
3520548
2464847
18441467
3553080
14342943
3535015
432543
14152636
9487242
3567763
39817735
59853923
395503548
5206410
107558303
155690681
194430091
141868030
227935251
244449181
268831571
297770699
307165294
344214606
385158741
390700704
146568945
401941063
455605603
554268092
500151369
40719304
184297668
19910923
492454139
138157441
6665694
188628551
10517931
67418782
91812264
97989285
99282672
135597158
194001918
302531082
329245999
9633657
381640043
275159484
6203459
183990200
3686227
145027602
5399200
34278809
291025
3739160
254046608
535569634
572874
99873897
106559571
10038566
29175419
307113207
237355236
335346574
209902745
10756084
11231124
4312506
10244707
28545191
28877095
35029793
35931771
38933117
40478140
54913237
92009917
101021340
142312411
147862130
150117817
162876209
174031055
183300944
205875400
212698059
219875795
222736529
224945970
230992155
232791491
250524608
252925877
274821249
283242038
321629018
332707912
363761277
367932289
384275512
409728726
413338837
445019646
455049530
482095113
488983361
503647644
555336780
559732684
1594970
91925689
1189266
15385715
2046729
8457898
133550352
202033060
1268042
1199516
3833540
4267851
226529846
305983302
176684916
1210897
2993123
12801616
6274619
1219623
1212353
1164192
1254483
1882681
3316468
4071101
7693018
1216012
25363
1231226
5077989
2222739
7791761
9271143
104029671
150863131
243148437
267714488
1234417
1240855
1651275
3843342
27564527
1465169
5226666
1285134
5644306
247753373
5842849
153214383
2790056
1290904
614103
2278696
189968636
222798587
1292460
1296285
7824886
1305822
3930546
5973536
12320421
4030608
1329157
57239526
4519427
9774070
153348117
169841318
187133815
5860338
10078292
1806848
56161398
759614
973292
1356980
4328056
7173267
12818501
32686280
32717748
99177374
204969704
352522296
422346306
450344056
502626383
529892157
537457884
5656118
1339596
2972506
5194852
6927224
452646399
1339876
1341763
1344699
2932810
3375657
1346960
1347620
19076234
154382345
1351146
59275223
7890017
84787023
1354802
1555421
3366726
61009173
78525898
1707319
1355098
2103431
7245914
1388186
38330501
96322837
149123149
21456372
39928427
8483
10547
11427
20271
22101
24067
40212
49290
49518
66129
92079
142717
181306
189669
220344
256863
350888
1151211
1397367
15308305
92363349
100911060
194750333
2767
3646
3915
3962
4163
5768
5862
6317
6926
54598
56944
74334
94121
196922
216337
261536
317204
365885
376637
562708
690659
1032797
2144888
2155769
2961866
3668887
6579681
8705086
169115580
242739930
4409
26146
27079
39924
57973
73121
176354
205288
291720
407854
1419776
2164040
2347840
4438830
9397930
16742904
20507016
34764454
45756983
176941789
12770
300944
330985
355096
650837
724927
42233
4838
65511
190968
223062
33865
86561
91780
207175
409404
1335112
2354942
2744635
3053472
3727825
4462005
15607317
18310822
32162052
35663125
4360
11518
46205
48809
96588
140315
209957
210294
237508246
74614
131464
37330
83117
11809
144170
24284
33510
34253
40090
50712
53448
67512
112182
162236
401723
458215
541129
826651
39798987
406978205
6542
11589
21656
55031
56221
72993
95598
103081
233319
256670
382163
389711
464487
673357
840812
2531265
8021610
15728824
2750
1218767
8060
1876544
4862
46733
65665
75791
119121
124657
250357
274243
292604
295882
434863
535798
657349
877691
974947
1320705
1786187
2783717
1884264
1941485
1946951
1980871
2009262
2162329
2404246
2481697
2489761
2518828
2520785
2669306
3139658
3204971
3219715
3552906
3665758
3679124
3721756
3823866
4618669
5324065
5546202
5592713
5670488
5977001
5978908
6270362
6369735
6398198
7414366
7652123
7852046
8034672
8316289
8536997
9585685
9678950
10278660
10365838
11028228
11399188
11618793
12304487
12467048
13127346
14895372
17579158
18393314
18395737
18838506
19773856
19929885
20471032
21881472
22671833
23685262
23709373
25467770
27296322
27347198
27840008
30198022
30857751
31372496
32141982
37125363
38309201
38372751
41585746
42404807
44160401
44470100
46453127
46462361
48385127
49676165
50175219
50490792
51149165
55827371
56109258
56579500
57586194
58845952
63772229
64158654
65171071
66647410
67826603
67963576
69945613
70915549
70962939
71115248
76690973
77062854
77417299
79451420
79491719
79720983
84797484
84887798
95527759
95658062
96688671
96882448
97416098
98536203
99839996
101348503
101631840
104570574
106956823
114728241
116643604
116704687
116832968
119262022
120874313
121062910
123319365
125020654
128313246
133165443
133522021
134291367
136506644
137727972
139650034
142472825
142627356
144493346
144628503
144795167
144988385
147159610
147332981
152758039
152921147
156231340
157014438
157417301
157445438
158113047
159529649
159893955
161201691
161767731
162036501
162146554
162438490
163085914
165571323
166057533
166480875
166813190
167377752
168067189
171254402
172818601
173027189
173541909
174559513
180586220
182409893
184189446
186883929
187236627
21115578
1121555
1402540
338002171
439824
47936838
2562329
4607671
6162416
8444604
23964108
105753988
2744036
6329136
9817517
10338211
17278900
20051386
24549580
318186660
12850144
1171359
1513389
1711693
489814
443162
64689252
1574916
2897441
3216953
4097352
1323467
3926280
5717259
10628487
20258125
33220323
43302113
84633459
233914944
458286
2442254
4125263
5303950
10827587
11701474
13031355
30885385
30900203
59481910
72845863
83374016
23855628
49372895
1334895
12914856
2935545
459855
545599
4839262
2690158
841790
3119426
450179046
1990740
2082528
66644801
126919653
914693
461180
55138666
461519
2722641
468149
1491888
575998
10052234
1050973
7208564
700237
1167118
1459974
11343020
283923483
68658996
470959
8997757
85496978
504858
474484
395795
86071053
1242903
1556824
1585666
2315078
3108997
3545005
3940771
4012154
4831464
5201300
8089300
8784068
8857392
9760262
11797657
13534025
16422895
17189725
17392117
19872554
23585127
38500343
61267269
77109277
84307780
88053209
98458102
100688188
102003625
133808515
147814333
156061422
158099674
163705913
174005394
176074205
177316763
200230866
214097202
225436190
246313029
249528090
262982550
267601283
270820963
280334178
299875340
304988068
307528100
320850559
335983840
339751004
356958166
391300042
398412688
401807745
953190
4727975
14472063
27605709
49551997
476488
476264
42036949
147501601
481382
8057657
267149485
433567994
482355
4052200
482482
2244929
2446475
486553
715840
8414808
216865814
217028366
245396217
217046927
217352281
229274712
217836517
3454779
217900374
217962256
237857337
218338222
218419428
212884426
218512893
140258
32689659
501359827
254219792
427938120
220246900
220618592
84622702
221225013
221821499
222560782
222394261
222608429
222617132
216163995
223064644
223274899
223402763
223704896
223980274
224564595
224876039
224337960
224996018
225355108
55168947
284922735
226043042
226919345
227020996
227524656
43663334
228239574
260034027
228637617
229332102
229489696
229537059
229592826
229597853
229678383
229904184
231536981
230659295
231627764
231871787
231890859
233153219
233420846
234208771
234426651
235293036
235739845
235785067
236285998
236608981
236956901
252699986
253443396
237427820
238985544
239229264
7752206
241554281
241843692
242648812
492995979
1341319
245862336
341197424
1952528
244474708
470595504
444901181
245915489
83187327
362968667
246242540
247061088
247104232
89978826
159769273
171332024
252130809
141227872
254375870
247682338
71580191
94539748
95849916
108875903
126180557
153327507
157013106
180326500
184959171
192186264
196882591
208360942
239108762
243957592
247987625
291927399
294777377
446140929
476574737
335273244
21251457
24553878
112555041
135539988
21662397
38847505
54135713
467403919
27086779
391920400
22493445
50307188
438361177
1369341
22802949
263381892
1657663
29858523
148972416
40367966
188817225
23175098
24039970
44867876
23415551
23738317
141484049
216149047
99693953
53211041
55775601
136899566
541053001
404706420
422742946
24122259
52464915
97685922
112085510
25960944
174427399
457530720
491144407
132016317
179310544
395224971
26488543
24744053
72797774
83776475
141580837
25127870
334621855
25561783
10560407
47078458
53880779
73197194
73749781
25751711
25974659
291743545
15052431
167379617
448065386
26549901
26591212
53482687
26785285
90915751
289192327
27205954
2190291
73341593
27271134
31724785
50521420
53473602
27372420
77634133
334934533
8836881
59260082
356495672
27504198
251022334
27540517
27703248
27060873
27670351
18286446
63099843
2223633
6428114
53736258
364824462
28042547
28321846
28512023
192527691
194864711
182289133
334394785
13771051
171624971
29316226
5257845
6806112
9917438
31858582
45267255
3759914
295820503
32377566
154062231
8835499
2365268
161724289
151455905
33224084
33227136
158270233
57697607
106005339
590974820
277244090
34028160
183705444
190861508
34071847
132056918
174733083
34335056
230639418
443303541
509219151
514259164
515575303
520863552
526427766
528034601
535437000
559441654
569869287
708659
31420
217298
321113
627690
1766131
2842849
98977542
561885
676706
705916
2942379
4660331
6761508
7220300
13539445
19650415
22317489
42193128
64430916
76911803
140205968
224728359
355494959
230659
561205
1201151
1341452
265377
31105
64358
65474
257708
330441
654425
5059975
319318123
22895
4222562
20709375
23217
26738
540919
4856362
197081912
275683
1390522
99902
174868
471839
854090
904888
1542745
1768721
2005496
44126
137266
137733
302876
3646393
26899
2305566
171493867
31299
1380956
2194637
98355371
2315399
619456
1026553
33424
54706
348936
4863345
763443
1498223
6363967
715858
43380
51719
99863
312097
425333
4869561
209553
6414505
2603902
38594
148557
747914
1409235
1574442
324698729
559595186
193472
293644
607548
869158
57115
155861
193690
241989
634887
642243
1006084
420503
521010
23978709
150832807
1522083
1633954
1803495
10462027
18119931
38575845
39336649
91392906
108943
202963713
1468031
46604679
614304
41808857
620142
37952
193772
11874109
1182206
56796
303536
1913723
2787570
576303
3568639
93092
54802
370439
4679260
6502746
11917227
292179327
1213448
2780616
4024932
204775
214617
247932
1486213
460617139
1518179
440102
44285
514705
517083
69344
83611
714221
970254
1035979
11807357
177774405
1328939
1512533
3604360
2576828
438771705
20526720
505989
66285196
492769
714884
12764782
26059554
5155743
6181382
85080164
388115252
507451
80488632
1705764
509050
1229638
2466642
2928671
7208398
7238510
7707700
268415688
445608265
1220203
10479969
510276
3967710
9012815
511373
2508654
6810698
521823
2417683
924668
1027716
1497424
1690187
2308955
3184172
32323192
179985767
1618922
977353
2338269
2639290
3373914
5245916
16428140
22692949
525986
51398270
2757128
3050501
3245068
5905070
100686926
1602011
4875796
8802384
28586550
293263718
312797934
382613828
412712183
431081729
534030
564782
1653991
1681960
5137303
1698657
1817186
2117243
76061117
891582
2866606
53872587
540674
1421341
3238991
3995528
104821559
547722
3085771
648112
5356268
1140993
2850768
27100828
18109666
46431281
69755578
69831324
82285287
152677917
158680203
171165131
289777256
551749
759228
1019379
555313
131824829
557323
145901397
558257
136854683
813053
3770935
1464021
1935752
54771992
78470840
724977
6843558
12808665
1288838
4749571
565421
675772
583855
3245742
12997250
55431375
274429555
593882
2260724
2635283
200475832
18375445
71576077
1250701
713911
33645214
594072
1117393
595969
597025
1106029
1239350
598812
1737602
3229131
9707774
10338243
88215772
1595862
5156987
17893853
134844860
689564
681998
609856
2235673
117152848
610875
1759726
611063
294440
395425
408105842
616915
207971556
2935818
18529666
54874748
1391824
3508227
1394583
1720968
2961628
4257853
4952379
5513774
2821752
1485967
1131073
1420373
50072488
1642069
17831371
5325273
92865212
163141067
1423442
1529076
25769366
545052118
1428818
17920581
251260482
444603258
174339089
1458024
3854622
4926456
565773117
8052682
1617814
23069500
1463865
228347039
431077
2864387
4641606
13554407
1469200
1479180
1482384
777254
1976219
4715982
31825840
134973059
175649064
428195661
1509277
7797458
154291
1419298
1595274
2497186
5262520
5380398
6363540
13463608
16448241
27734577
33908909
43012034
49243585
52000540
55378061
67288088
68659344
74682179
99692162
107680222
114637909
119659381
133407953
135810247
148404754
153320085
167603755
176709997
182883936
188887249
193581952
196396824
202330522
204368000
213093739
215213454
230065693
255432057
256218991
295531244
308927705
365518918
413445724
429249356
489740143
504122501
504243395
51711598
101755805
1509348
1522961
1515525
170208525
903297
1234974
133715261
4916908
1527464
365126459
2827080
1058047
529496925
780779
1228473
3089686
28037397
95944537
367394557
15857384
854220
1715106
14616105
41941805
50869386
81639483
149071932
504793276
1539396
1398894
35714619
3673424
5674677
18108357
39082009
42916573
73599599
82303173
163492368
182195652
183850057
1559154
1569956
6789948
134363545
3792120
273385883
1579031
10846408
8735141
225511584
3494827
7352629
8160311
9284507
9878625
12309057
14299865
15937615
34431249
48336644
49492341
72127894
78682849
187682192
188393363
189508888
190180986
191810664
195241179
196648306
199022995
199128940
204600866
206406360
207577505
212494651
212499514
213236318
214273312
215194084
215682424
215735402
217509642
218584500
218711302
218740199
219083665
219938102
223957365
225532262
225634323
226124507
231210518
232598048
233665891
243425927
245778806
245973948
249472013
256532612
266999224
267602513
268332528
269342401
269515097
269900552
270587820
271678723
272035623
276798750
277354415
284083600
284907112
292605387
294978794
297747674
300644265
305227494
310597027
311584358
313746561
321322320
321837846
323604279
324157912
325283565
325820549
327074323
328478229
334224369
342110226
343054669
343112395
344796650
351886421
356514016
360104782
360317146
361723009
369504143
136248
207450
1783157
57113971
320351814
323452121
454861406
522830467
587895400
143437
343513
688995
2360563
6873505
55811900
103706939
6016288
694703
587522
426541954
2316689
1174223
1327059
2228436
2260814
2545159
2708554
3531396
3932484
4725691
4818409
6162960
9348149
23730683
25890317
27867717
45207280
45429238
87753970
109031506
182987562
144033
994700
1967515
2198911
13245767
98169314
1667664
1685970
7570421
276308360
13366200
132100272
159053
1140161
20597794
4915312
2538003
25685811
28652779
169350926
159618
302990
627998
1223950
1547708
23658294
164038
1284429
8434969
51284714
1193201
2832818
4133634
173586
156291087
3019229
7192489
771347
14176097
4055350
175098
180431
6769123
16223701
241814955
183286
1778416
364050
432993
500460
3013119
3084297
20458730
25064355
28990522
49681477
79907121
103719595
131653410
6715
9169
67067
76781
83139
104002
168238
383346
548276
701461
964078
1229329
2457032
98824783
541320
126134
565528
55038
140759
320471
449059
824890
893912
3694963
5827691
3245
5863
9131
14914
18615
37552
53627
65806
75826
80381
91320
104645
214982
364658
383752
505433
560456
12876
50601
111251
287070
432722
999210
5446628
17282791
137155705
34483
40022
86472
107095
114877
269743
317766
336737
377261
419892
424811
462561
554173
1032586
1540295
1801018
12932
278068
391222
974117
1435703
2177689
5467484
6257261
26691754
34204435
39144031
178667038
5836
16047
17691
24120
109381
143491
152061
193130
409410
493135
515721
604946
694845
739664
875070
892314
1572707
2711657
3322847
3815713
6312355
20754700
24169368
24815271
41835280
140544097
220578495
4502
30029
45406
48233
82991
97264
366477
410484
420314
430071
453863
499736
504000
522234
569736
574405
1147722
2318791
2397858
2689221
3230153
4647642
4873676
5129494
5334671
10625647
10936166
11060830
13717005
535440
92198
181636
300172
367432
410707
411432
447070
864924
1134104
1189043
1986371
4456796
18754209
22696222
3795852
60739679
4735
13674
15890
390284
504650
1175176
3606961
19208113
335450233
74959558
85247692
103849804
154394783
222863042
224630703
298924427
378102106
383277086
387650088
429665055
3801284
20928181
151420076
177028624
295290161
24364104
3824553
25464472
157236118
269515958
448703712
454740582
470266038
471265997
474979907
532730916
539948474
553203010
580732176
13832242
3853528
6389229
3845314
372698134
3898882
1244943
4462950
30617861
92412827
150703446
204994493
3918421
482479304
4011619
322128639
365468363
12448828
136994809
3952060
193256
110591347
434466230
26875379
43261964
58627084
138687416
170117018
182812373
203568826
216584215
218688315
255640199
332583983
136381001
145029298
223636486
334644724
343210599
447831249
4018682
4026591
451940911
4732419
4130953
24588069
59464113
4285085
138985037
53202306
4148260
4174803
4203167
306182323
213763388
14865439
23980407
4219803
1050928
268841356
4231702
145318765
12863460
16879219
5931467
4355261
138451901
6702668
164292196
207799541
151656914
564504327
83898419
4557587
4428264
2278519
26614769
267214675
9598837
168549069
8515112
134478814
4735952
4602306
59170922
4611210
329829729
22555688
34270210
348227286
64699865
199253397
273722239
588775814
157263153
34338565
4830207
268113939
1849068
4842456
4869110
10051843
1193881
202395408
412471605
4891860
4892087
4892805
142832818
4925172
10330072
68767732
2621073
5008891
59107462
57360211
128505519
411315268
5012391
5026760
15880725
5031059
180877772
5128656
13456836
41909723
5250885
152390340
32033508
2339443
586786273
5298090
5271121
247707938
3087052
247871110
135110427
247995281
249989102
250224611
250612194
250738483
257723295
250766115
364608540
251222402
153040825
240794966
251266516
408434
252130151
270412353
272792444
480423240
252792385
255749721
45260275
253556819
321575638
255539431
255904312
362513131
256604420
7697818
257534987
257827389
207023863
259111684
259234982
312285649
261910005
494478039
185172994
504903221
264049542
264995984
265826803
267064135
396978212
267867118
267908901
18819698
268030950
268034715
268217380
268278331
266331400
269529979
270741229
485214998
171785683
271024158
271541356
281806746
282427944
271558964
271600766
270411271
270413332
272795016
272750960
272789697
272793100
286897569
516256066
469814372
274215097
274627268
274833318
380195891
5090032
318498190
276129148
276283718
276358256
277030155
277301454
261835515
266036234
144821452
257741619
279249568
57608934
281336546
17572749
280829878
14603958
282459615
282739023
91490774
522673653
286243476
287625838
288830577
290332940
290536583
292673412
378246074
293108103
360185686
293138008
293281809
16923921
294134321
294446534
548708280
295179438
511630843
307067953
297096317
297347755
300400432
297724994
431415564
19857175
35205206
183894259
299547163
354197096
327019389
10242655
35293717
94267111
35538484
195875366
57328353
35812167
22886276
36093017
90409840
36286929
33126798
351621975
49479643
36722474
163327651
37663075
42540588
131425397
271354405
291046767
137845838
38480997
143213287
381978634
168545931
221705833
225714990
38741407
39455908
130581382
16435010
90904915
374808139
40084814
41439987
590328814
41468417
43031573
70786321
63066760
43359780
80890376
29320147
83131614
217841709
325892816
44412564
44903902
390868099
45292335
477637311
139530074
413320952
183008048
559161815
235623095
54567857
591016144
48888286
198102209
199633271
268030778
353545786
438384769
539962204
365100728
89509180
73748910
2132050
87783676
174380646
401467584
361426414
118683907
49730393
269632769
270071005
19593966
27919436
29480265
86711045
50513147
50791109
51170087
20199520
3709526
67968850
413545419
27932636
225623376
51733187
63596076
136742453
51279846
202263728
202966767
260483733
275696092
100596521
1678850
51678887
273651308
52049102
76189850
86849016
93817621
352691695
52480086
222904353
41656507
52590026
52728125
59447888
71262065
120195642
4353919
140888483
29898690
53519952
367161088
53803356
170866711
53946154
88303962
191219147
410217461
54159073
175338057
54615181
59198554
54701135
559870299
55042688
6504320
506313894
6580667
55413505
81089088
101101057
55699584
146614239
55823231
323671611
4861164
55084513
59611708
106442196
318014441
204306
39074638
156925389
261329
472757
121948
181466
377651
499955
617271
623209
785239
1141520
352127
175826070
1111387
6691251
337745244
458970
566488
14744748
396074
991660
12188772
6026527
249415
262618
366693
518299
751245
783193
793202
1299321
1920948
7773732
12985778
695380
209642
862277
1134881
5506948
1238597
1834908
60918
609766
2210199
6089479
258345727
5055464
2093154
777992
5364751
5598912
36227301
41138333
941139
1520931
949976
2508994
12279415
14355731
18744732
24962173
29725670
34310092
34566837
49768994
55557280
96140871
136276519
154247461
286234946
296292445
303235791
377030069
439289002
449691877
486973996
3576866
64024
108053
713937
954150
4447150
69791
437386
3653274
20270209
189305
365430
9000782
245495
558815
7785933
114727664
1190598
4679473
4707265
1583620
166662
355124
590923
1030122
597154
790909
886213
1046726
1543457
1618135
1996000
2172313
2575806
3212490
3469491
6408999
8802043
9673948
12609804
18525346
20742618
32294045
34843001
49729644
49743022
52185600
62413872
79717162
87979735
110152713
121378062
161257086
161763968
165218571
177944826
196726999
205370647
222437971
224220238
245248299
255587295
274187858
276427347
276774176
305222556
318216094
343537675
356409988
359134959
376964087
412383618
439447179
519746310
4219301
653623
1939886
64288098
422701
928887
1184494
1451996
2243312
2379425
3142437
8408973
1059440
1307514
1335104
1549241
1554822
1775352
2003464
2079162
2156056
2173664
3109250
3395383
3433784
3808014
3975343
4416416
4726952
4756068
4789441
5288899
5421412
5545088
5715434
6156699
7022092
7475295
8063340
8597164
8675503
8863704
9695286
10062713
10949352
11639803
11971326
12501101
13915230
14085717
14197765
15330359
18739049
18818396
20249971
21278288
22224959
22376432
23498703
23807587
23868376
24511782
24968584
26151177
26287276
26678938
28037646
28352497
29667571
29840976
31670792
31741467
38987952
42523457
46854424
51269035
53050368
53212318
53449629
56791375
59272326
59990155
61929194
66360949
68504419
76790647
99103961
133898978
134741370
136848204
137826446
143554404
143557559
144392216
146850870
148386333
152334114
159131292
163095430
166823591
169459510
172082574
198894523
202590157
206566694
237055390
237318523
249321631
253072734
255476890
259766146
267267231
268284144
269146109
275796080
284539503
288843533
295635502
315958062
321371476
323069230
327144706
340937850
341263802
354507744
360883672
399862159
407068847
423982653
443049674
447539953
508288790
523523531
528651684
529125879
534551238
538737895
552969971
559423295
560045602
560768954
579141502
590844460
1728592
2926007
5692707
20331071
28408034
51440548
53918776
188619818
278679372
2300132
6157
3470597
13938760
65781
380892
520127
904115
1368160
1865247
2168624
461844
666191
2506515
312935027
389924
633223
1322487
2282550
25903098
77838905
259493882
3547871
234914
269324
886064
1425564
1619239
2457175
4388566
7127945
12691926
381707116
2162552
269468103
44731874
190468
878702
1127720
690331
378880
206178
193247
465459
756441
1321978
4800557
6768845
17408454
21217975
266770803
856181
1025668
3426726
194162
6854347
467717
1440523
53319001
165956523
267909138
628853
2265669
2727343
22169808
40935661
162895081
196772
17221178
480648639
2658911
204535
32410
3193436
25651077
382722
428381
726270
3914594
18060464
95628210
97184344
155052104
173093789
219986849
271231898
404843785
486267351
3100804
3840260
27024150
273227
302811
557509
660817
844130
1019679
214108
288350
6794341
237202786
571409
4193634
5052705
5072692
5681611
28724748
32777622
103867490
206117242
256876
540229
10562664
456595
536452
589377
706283
760208
827363
851257
989378
1023124
1133979
1248579
1414003
1578100
1644351
1743074
1986579
1995837
2070817
3163310
4048230
4298762
6022959
6122832
12662758
15175824
15910865
23263577
36752745
37620214
53177655
54258520
58331660
61409097
67203839
72849723
87811992
94642914
94643239
95612015
111247319
126584523
133435397
224523567
226635042
286833035
394884584
456930
597783
633720
2060013
2857423
2903020
4038448
6906449
7512655
10395263
21862986
43569794
51932416
52042889
81978710
85132547
134553764
167105461
214322320
218108391
226934517
246201678
272751924
277743580
309296932
329751694
351238679
398156436
214109
458562
39312864
788744
221809
264225
299537
1366642
25640040
63646439
168416800
297982608
301492852
294535023
1762226
61904391
457987812
505915233
304847030
15306925
309173248
309497521
309692494
309711707
310840200
313017509
313424280
593849930
314465828
115921070
315236741
317975125
318859471
28929471
319252491
319475714
183119030
572997438
321506360
322620935
61676663
322526897
323633822
7344951
482434366
370678806
330484829
331683279
327157851
331605956
339074850
336138808
337422799
337979155
115153614
331070665
345047548
363385174
270908707
342793796
510828533
519372808
347420190
546534777
91872011
221493415
348900792
222260018
541070916
353691111
354853002
355179800
357463461
439580691
493236836
556999521
571885089
361344426
413668639
564335557
175918637
239623447
368353069
419724728
31868484
371148457
1815384
169839117
557561557
382361766
383043498
384051983
194422622
385627042
385697306
3177420
393964500
7807998
431105333
380310422
178261559
405406127
407602940
463776836
17323710
56486598
723964
2735970
56106307
761239
1166147
94521532
1546421
2573188
139387274
3358426
32128
144050936
42414300
373198
19086675
981382
64511
48114761
76517
355568
517977764
500233
1233660
330700609
2258394
6343378
239423744
12652301
6180
171339150
7091
44943
59069561
55782
68203
59223816
73368
203011
2765618
239031
2343367
353231026
61984
281866
59608343
41826
854775
432152351
29080
5915
60473412
529827
47667
60490381
87574
294364
127486691
374537
383375
61280716
407827
485605
61377710
650412
1520831
91105374
1622357
3570035
62528799
5246316
5772
62857482
45544
45769
75989726
50295
100816
63410271
101361
102514
68920750
156441
189992
63850351
238583
248275
63986633
300484
317025
64323497
330830
399013
180904412
399256
415640
65474120
433591
466179
498137237
612525
687602
261738599
687821
725700
38368520
915261
959803
87830541
1109198
1318727
132323909
1342717
1404140
236428961
1462482
1465974
67259216
1570444
1572628
223192994
1734069
1773345
69624406
2079629
2130792
68649350
2156724
3281409
34844422
3340072
3365454
71157035
3767499
3920404
341465402
4478507
4587546
71859666
4754473
7326017
144391564
8884602
9785428
214368549
11163651
11603343
188997719
11939907
14170968
46022634
16698400
19330437
76388561
26950503
29328617
76609547
32896057
73746940
76710255
132972957
213771815
77624218
221184970
3863253
345087894
892245
118592
232232431
161827
463252
78918705
514687
608486
266692290
643939
650743
73485504
689156
704106
364118054
879063
1173956
391713756
1479573
1642795
383215840
1798190
16587085
185838519
34916
39495
401565188
114862
119560
176517537
179784
442421
184580248
1515487
2050930
203682757
2555618
4332478
848093
4519605
4656597
2081562
23357286
40908361
83877982
65962547
359137
84013543
969148
1201469
83981751
2411079
3131203
84335373
3314029
3605548
92335803
3698970
6461727
85623181
7793499
8468801
87036430
9885675
19598808
71243761
19770627
38215107
87826999
40718649
53331496
121715306
55082571
69421057
137869209
80872660
100801741
167955219
104375286
141673169
88913920
141775978
153014981
89026285
157090619
251833509
89289016
91848155
177728098
7683004
80773906
166228728
228209283
1588057
50625199
2950670
3765804
6755608
8677967
10947304
20079501
21369736
23380129
27378557
27738841
31475945
35711151
50217139
51167213
60443869
66031062
66322552
76084619
82956650
85364514
116340897
141594309
143057534
159849816
185396749
192947183
250835726
255091389
18146079
202325321
686396
17678660
268218465
126109650
282245894
27314756
50342696
5979714
50669938
321229931
1724931
591048878
16491268
18705798
184642917
25233616
20828994
1653142
18463305
1663346
1795431
1868211
3327546
98929641
1664382
3287973
1666653
6410242
260631431
1675069
1678232
1679436
163425214
1691051
2224771
54641926
1532945
52016464
5288596
1737762
1291906
44142979
494497425
525236324
1247561
3442087
3741795
6830433
1742219
1745258
134235031
1754605
15574420
121406006
5975582
83043415
3425522
3751947
1777893
179776072
516734636
3270831
3591622
7670072
29156051
46318235
96508534
125082989
166867901
167212840
186058074
221801787
255942853
263265117
292264381
304997889
343138191
347365924
352085700
358354216
362306768
377511586
406188975
424397339
448612364
461647398
498274428
520459533
1801062
64448309
1813477
29798135
1813559
1818263
3137183
9842629
1830471
298933
138112243
131799952
1839887
1836191
25413654
33995246
226365277
1516656
1860246
256066458
5293786
1864111
2614331
321033166
1883852
117050225
198454135
4261236
9459454
1361612
4394102
206857068
1916626
1895808
3441920
8690486
13490413
15728471
3901143
10274567
1910201
60319299
100268095
1916821
92413498
1098857
1704990
2237548
842901
999755
627118
1411007
901108
1348190
1747251
4345684
619769
4846964
6792455
30005598
542724782
599317277
624671
1425316
1926639
8536236
651877
1575733
1992925
150740150
555885952
1186418
1396594
1415907
1978143
2576213
2762942
2021839
4262350
659522
1054527
3281846
6650104
9374022
182088389
327775720
6026653
8003176
963846
1718509
6760937
18752352
169970145
300329410
433340060
685464
4336262
459890
2671404
2802259
23753969
206848801
246926615
251159614
269871836
276215348
284668331
289779296
296656447
298217123
321035831
353773171
399462540
418001943
431466603
431639948
433295545
444142288
444765835
445600141
448624132
449068843
449690288
463448145
481260059
491488831
507797400
511203982
515247197
517727698
540215088
563449802
575403070
590415705
676698
29570273
38828995
676741
1456625
250201744
3252637
1425114
2527635
20122782
195804306
1519023
4731691
1677683
687342
280827617
15629834
26451044
1190022
300292625
1882155
70461391
145589200
693732
1074408
8727139
4135766
5064400
49820081
700773
7881660
15046798
2569679
711696
712265
184769651
749387
1318249
5336284
1145040
4463821
111242597
1360131
2576127
3721873
6283830
7711400
755104
1328369
4155373
9700094
13667905
278263868
760324
1549528
1599941
1045318
1383867
1956517
2705257
3922600
5964438
6598100
10398969
13369621
22502231
23778886
60367809
65287281
109753536
136217294
308375404
321732719
370535592
406865183
500806372
561498438
2999291
767696
1028631
1143031
1192118
1911662
5371392
6117849
7355667
233260276
935170
38935717
282179
957575
1994727
10038234
223911
710860
69111287
138521768
428761073
328128
221615
252407
518248
2391429
235066
4825392
24559344
462871
814917
852527
1197345
1348561
1506097
1530981
1596113
1651588
1892597
1892891
1983899
2110934
2259698
2700199
2821223
3018488
3060572
3313018
3741858
3894851
4041114
4166878
4512428
4746197
5106638
5219537
5823813
6455269
6508969
7520075
7928645
15746141
16014481
17147888
18412197
35626468
48026708
157243469
191858209
520739998
231918
1882414
1948798
293270973
251570
203619
285276
460901
591974
621070
690878
886342
1123847
1449497
1484065
2815137
3748073
3754373
3893799
3915526
4504152
4637630
5302959
6517156
7466968
8465503
8554971
8736457
8902553
11763978
11800347
14236094
17106667
19607837
26821662
32369155
33809596
50329040
52450171
55277689
56505209
57771381
58914157
59411366
66835995
70802763
80472520
84089436
84911534
85784357
88201338
90585744
92349291
92687646
94319722
96106802
106574333
109799367
115816091
116012399
118798330
122694107
134738418
134796121
136743608
137640821
139167333
143795176
152419016
153351371
154768909
156607095
158847467
159250955
160799040
161712518
168031397
171947113
173929980
181684705
182143268
183265882
188822155
203243416
207634555
208454576
210086531
213105618
213178191
213384608
216800595
218970687
225750115
231717455
235605387
254643490
254686680
256793488
258245305
258270429
261978624
5334129
212397827
366688442
66987793
401359
493646
1599802
22591508
23440380
244145617
2112093
11146400
176235113
5353867
27438068
59909352
138247684
209681732
282596358
293421800
34414193
65847857
6318370
76552457
177787443
203525390
225186254
229573680
237158765
248361682
432304617
539343658
570060102
5540856
172887024
254993600
5489298
6524188
157418370
5624427
11778423
203818107
67096280
354278881
368909093
392596757
431493170
438040345
442990485
507566085
543056136
539394320
10390823
17199508
15582211
52028479
5858413
205619476
19444175
168807163
431945203
8809437
26549982
414284417
72116805
146908661
451284620
5859849
207975022
5926827
3140871
657079
32200692
2477775
8636712
91037860
390058550
299540187
6143188
17176015
112004335
201159195
267951224
491802779
6196273
177076135
499972871
103721075
216468123
6288051
19837666
6255337
15196399
362754931
208760413
9193878
591286807
6277586
21289268
6342255
5904431
6432609
21388136
22842014
45014187
71127705
135887294
137359611
212205185
228748426
251664583
275269670
306782559
368296554
436844823
484775121
536103174
164149180
6416385
6460764
158609343
27392460
16432916
55368510
112677484
6548042
55541110
6562499
47442323
6798376
334678
324726940
6713880
132040626
221779993
6823134
18467144
29682820
38682437
39446525
207050052
37173954
6855392
199324724
453065098
50618413
6866304
22662770
6928515
160624288
253798884
6920698
20362113
165109839
178114798
214610456
6960304
425185927
7109430
1607131
269901339
7196773
11014140
6
195
3768
5106
274
15745
6492
59368
55047
72981
66559
73801
97134
99056
127986
346125
393551
405764
809577
823654
898562
906299
933429
936529
936595
1136865
1400162
1450071
1528107
1533610
1695366
2203645
2281102
3817661
9635879
10331407
481
3997
7207
23258
29046
85340
103931
167521
175571
303522
316469
394196
6823480
54713089
161156524
620
2540
2976
3597
4430
5304
6413
9467
12013
12808
29642
31132
35820
45126
55392
59967
84549
163234
175092
206553
168688146
3248581
413540672
430218262
447476108
835414
35496886
116984281
146252316
193838956
223280895
445797471
516864802
524896396
457694074
582196703
588089683
457860139
178312578
471007446
487519855
594342975
397586478
141293326
497595974
521249845
536175989
514676875
270414423
270907766
270909386
270911040
270912508
271478344
271599365
271599915
271602088
271602675
272789026
872338
522704416
525136660
535914782
540705924
566824423
587347382
992637
1301380
1867129
3409560
3662789
3883260
9727799
769631
800062
1550346
1588282
17025570
297902946
13644659
1946082
6234338
32613371
1454465
1574854
2205705
2340346
2401709
3103154
3208085
5208548
5281241
6766168
9062571
106859127
1270729
30383996
979799
7026814
7856646
252742309
790999
6043964
49386432
2953967
100826610
811920
12683053
827616
813353
1696230
2596259
3533057
839205
35314362
839455
150562294
855665
1242547
1554844
2228494
3688027
7464656
7896019
844765
854607
222686837
856079
877290
4222856
877000
863591
872232
1969331
2402706
55817073
887565
1959261
2253657
349482193
469745
1695972
3058485
52360422
140898581
890113
899094
1396348
1442525
3117789
3258816
5318971
5530388
161590490
216951
1202094
919874
1513351
3246849
374362
922954
1152676
1726466
2244684
2373102
2911413
2938013
5314530
7979640
8250584
901032
2066673
188165584
251383000
910963
1835967
3023277
22875457
23640242
426297755
432903488
1171338
4207919
913927
87525
781630
74106838
914390
3606608
916460
20009871
173942378
1013157
2880357
3608707
6131836
1293484
3958626
4392535
17586356
3344100
1095801
1075488
15461463
31745829
931774
153854
1763334
2279788
3123324
4774961
926932
851975
1914525
931813
25332546
934368
1171647
938338
1500506
2101387
49439112
70663485
187332266
2208813
940914
1101615
1214540
2589330
6569220
9112393
256957529
456686568
538660835
80872
42010
116850
150564
230307
382521
450992
471745
892547
1144839
23841517
30810047
5346476
8490302
10913893
23886685
48505374
52769708
56208569
56840013
137070403
2631
5742
6251
32448
686555
6159638
11167542
74003
89084
118914
530523
966441
584390
2445364
44013
468654
477852
1751815
3437559
4908803
7429530
40262898
73211974
222422
428804
1679382
39239585
141799
441027
445778
453822
587875
597719
700446
798457
1463892
1500336
1508819
2114838
2141683
2610155
3881142
4143643
4575368
4575968
4650609
4678165
5013777
5323007
5781736
6258791
7906541
8299251
7529
41630
48113
59607
325300
882185
895922
918664
921590
931820
937549
1091042
1098949
1128144
1134164
1165876
1244860
1306952
1370917
1403397
1631944
2054915
2903022
2988441
3278028
3300569
3346605
3457010
3466346
4182547
8754888
10849994
12623915
16546532
18029216
34021222
34381072
370557328
242710
279860
221802375
6440
13370
55681
61502
64060
68219
140734
261739
351772
394567
470647
871758
8602837
20595
71410
94708
101675
214385
249086
319791
378858
454581
33790511
228
59992
97705
122563
620208
773334
3973393
6413233
9540
1508815
1845668
20304
33482
39728
50935
78588
804207
840707
1383796
995078
743129
2964402
1021555
2465565
437764
2550850
8640
153535
25026717
312689444
91854007
49460610
107395008
92163161
103043916
273904732
306685457
440762789
582045837
159990109
92887506
93069073
93107040
93845072
231006514
94743574
60624743
95015208
189573686
96309519
97820449
377544425
97236887
97570520
145353067
98796154
186112419
465195308
506006503
3115452
212783200
100203190
129050056
100608880
134975303
101253978
55163
101284243
101397144
101851872
102272391
60055194
103166623
104493126
4269254
105558928
105526606
15929397
115567841
233915640
226051477
147642305
109344943
109852771
110597777
223071528
224873497
226193434
111221371
112122354
97451770
135352375
138265076
139470757
112335189
112585438
203743841
232458606
115535376
94009
1397798
116372180
282983019
366759669
187743438
118288287
62077616
119920644
120619539
52955449
121634672
251279524
122126665
482973496
123657837
125006053
124644456
183898489
125075648
126421386
252826539
53576250
7536178
186331782
33679547
134101703
136894180
5512088
133344673
135328655
24197228
200865746
466233282
134150648
169407315
179900760
134895344
21773209
95927720
172985773
178412213
219165125
299395285
343215205
382154810
500324785
135082975
135079731
177912491
135586466
285763910
77480722
136082184
213541422
571520524
136245418
427565566
136199309
12761718
137495733
137483957
78196723
154228240
139080206
160571564
193966593
140377214
140428447
2326761
3872539
64431958
882260
409124924
11760678
1925168
1057709
283328603
1929049
11178268
1943371
7533465
8097818
3326301
62058769
1952715
5381683
21765643
62233621
1965802
568193
1961535
30691242
520549611
487655842
1979697
139398065
1987393
50087754
895162
3556070
233432788
268765564
273394194
522073861
563886417
2002641
11215628
51190211
3226515
504738674
5917191
7229918
75016846
112702450
121444862
2018610
547947227
2071743
2039107
107973002
158288589
6563914
148157321
300286151
415629974
5685446
2082050
1397646
573359182
591605881
2657810
2692280
6342508
16473670
39418294
40768254
92839148
169912779
321050423
343832064
350807515
359881644
361065651
388051158
393721250
475088010
502391797
527830091
539240476
554977491
579294979
586651689
594860366
2086274
5976056
2208216
300533308
305356120
2106626
2305468
2105780
2137217
124113678
2137662
9013211
2146999
29449927
2159435
1217800
3933777
17088976
46108220
3505794
9358381
17838045
20491385
2163037
1849273
4067273
197837684
2167857
1060996
11854390
182713909
238424004
13719509
84206996
217935503
366496410
2181567
53037222
3443171
50856109
1113002
24717723
63109243
87875480
118372565
3651143
5354320
73097780
263889188
564041224
1797068
235077854
375683164
2248007
102060536
2253972
321908041
435357448
2254381
2261162
23163556
4455938
65050603
2383226
2425111
4881400
18188390
2265467
31350832
222639360
2265918
2290017
17599375
3121494
267334190
2304626
2300831
493198
1658707
8918730
547406163
32383401
36391536
7223953
55649460
60448662
22380455
79318928
209987831
81872672
88941636
108725486
395501124
119533235
227923755
562448223
76454
682361
594343590
295003
384218
505242146
425200
593759
151681852
640820
860875
218925575
253005098
1015007
1057998
301497410
1073109
1192326
1279504
339664550
1396258
378082051
1577961
2002399
451221683
3448739
15095087
460265605
479435080
641185
507286813
1354423
256749
6552799
457138333
487271441
331466
1113833
535837425
182260766
12852260
205076
539376355
1922640
35189623
491953
1208290
152016
150944142
463097
463609
896113
365144058
1335468
2582355
185550737
26081510
11158600
5931000
25852426
368352295
588902
87881
427434456
175910
677129
8524632
1518010
51096328
223442109
30166
121047
65726355
3255020
308416709
81966681
5745334
8498344
137719875
14439069
23883712
251418712
37853005
46574360
3439157
48571872
51660303
8683036
79517210
87839451
18315546
133740305
149374485
8204083
200330320
200770625
409013185
206866891
970857
16014231
1489561
2017210
5328788
128245425
22052542
93203464
6858371
394564
1275294
2693345
8348137
15949626
202109
680396
97157630
1562317
100628
14411985
181484
1541041
79561185
6239891
24623835
136139613
556344329
684803
8519842
2477326
49511361
8638858
534325
3165695
5739358
77830921
7227186
281577579
13251003
15887010
34940473
16337487
17895248
74523694
7702346
9308963
82159159
88294985
355775
3895538
368399
1086335
12289821
85852352
193378
151915048
1443388
690329
9579006
8804631
180944
136231099
802739
921614
137528912
1325420
1674448
2204920
7239647
13713354
153097675
15358506
53458889
7965178
221879278
109811
56221463
1000643
798702
7829908
531831
9238613
372506
204748774
9399682
1315341
898171
9569070
9651926
139515332
168583014
1353789
253741399
1730362
9793107
521940713
4643642
7580575
10171044
19246967
34094379
5910094
44176876
56029684
40596275
138081922
146458631
143708536
156801904
176920866
155392004
251154180
558514523
211075692
543559
617016
339070181
1521555
10403884
4186987
19119950
1951821
38554496
533301
10434305
1052321
783530
10611685
1750628
118943
1166343
16931260
22608018
102039140
249231161
231369163
539119
166188383
527747
1985648
10774387
10915691
442422
131578198
58707369
56575390
57482052
15967495
58919322
58094435
58772295
172659
59298601
59491228
59586985
60699514
238683
220644333
244701
269834
277827
427926
61773333
471780
594845
607735
1173668
1212606
5051584
17954442
62408529
267393247
565
726
995
1113
1118
1139
1144
1252
1394
1486
1792
63300636
2731
3022
3368
3422
3461
3685
3747
3763
4150
4312
139906314
4318
4725
4761
4799
4803
5245
5405
5448
5733
5760
5770
5846
5884
5945
5954
5957
6270
6496
7967
8512
337468110
8704
9841
13780
14047
17219
17326
21357
21785
22351
29142
30851
34777
34894
35774
41525
42816
43003
43035
47795
48376
49784
55648
56161
58377
58767
62107
62383
73642
76608
79133
88060
89827
90070
97411
103684
109353
115965
117786
143524
167559
170179
204896
207414
207549
280743
291167
65864136
297118
319843
348717
372523
378781
591282
1483799
1545843
1840044
6299343
12500785
903
1624
2296
34024142
2696
2728
3653
5460
9008
13636
15032
28584
66437695
32728
35524
39558
41690
46662
46664
48642
50069
57410
60427
65484
68528
17975467
72058
75095
94022
107587
110370
117462
167024
184027
66600992
195741
556845
560429
2492718
5179454
21080273
21377054
41237029
80466451
90080249
533
1278
66609915
3210
4167
4893
4947
5121
7007
8357
8507
9216
9885
9995
11685
11816
14769
270085149
281523875
287232893
292217520
294082709
299034253
303500994
304980544
2832396
3250734
4575489
67970828
201454352
356799
2389500
5043687
13531251
18239724
40890151
89672871
115061822
117065663
133246798
136422532
145771751
166509264
181520833
189223264
191823843
198500065
251655523
264478183
450497
2501462
256609
260972
69978241
539624
733488
802371
1051187
274834
603110
70920935
637876
646214
348848
767487
266562
1000193
1047644
1205701
1427346
2253856
34126
7004619
2100485
293405117
2335094
275153
5362587
31745215
32467274
55783291
63131452
132217647
248297907
4437291
4102329
282726
408979
2145242
768925
522996
181152086
291110
4489476
320532234
294866
770902
241850897
429251563
772004
1358532
3578558
2474146
296853
56010634
281880
1458478
1200810
13826150
470283
470127
913767
81964090
72571805
304565
5933121
760590
6116183
78407451
309123
316822
1753962
2598447
50328
73772977
617116
3504007
1498165
330094
1370774
484792
3890876
6858415
97512098
218136
566529
641177
1079661
1352378
2801710
3771993
4110445
6897465
6952996
24777194
28633606
35754973
147654654
269804447
564379
1048133
1562633
4561041
57790777
570459
782257
1399774
970447
1138220
5151085
23295281
343132
349944
655268
699318
957335
1035530
1108019
1109325
1173501
1285634
1915716
29950736
1317446
589277
41372811
207249564
349074
3325989
783212
2057161
3695899
6703464
7363164
351033
49074357
77866639
6816596
3803952
5308155
78552762
525272023
11858324
348516137
82352026
243472242
302607258
559491292
482481201
83226152
444904122
253632126
85536422
87428533
88157708
88302229
88400089
226290952
236807623
208476140
294743794
434881883
141395778
200279571
141474364
142118186
144529815
142849602
42274593
145240220
131791875
382219339
145286495
193390795
273900967
146007727
322640507
147231824
225015994
140316277
147392955
147868806
148925634
151696969
150627353
151498530
241841
18257111
26793507
238622764
506798351
152257167
660622
244763473
153698905
153768327
154420134
585120091
154599424
188729710
156036985
980561
410647716
533559666
156844762
157575679
3487522
2786573
157733847
158411248
158869527
561492010
158906413
205107546
160911058
19068182
2134246
430868769
160144608
169405345
164820203
237802852
226977951
160916564
101857225
175617239
332364288
494276079
296995146
297192347
162170627
39584312
170166484
352136452
372307249
445288962
12487756
4575196
162305266
162879238
227477702
243857857
168729975
113348853
236611309
433884876
325023708
562048229
164638933
16011381
145894797
192249678
165646676
226549079
165992740
166657498
167566675
445296904
383598556
419044030
167704221
11055237
330011470
152638928
170203832
112251702
170390622
170929153
171055207
25160196
123512940
171161221
268059126
171348493
171357181
171448052
223818948
171687729
224682122
54109687
173272328
173241643
16420623
173498559
520729603
173764221
176572972
345469941
174017900
200884715
225471033
174616683
175026976
292225524
369605828
175044481
176061267
176071649
279869940
1667239
37597190
49030665
586016
3831728
11027712
16943224
38723062
62907304
90070929
495282
22183365
32581158
5741250
237036573
16626
87955
1283907
51387912
150553721
16092
53605
182404693
787314
1575200
97889822
122684351
1225626
1755092
2136531
38594218
10829
158545
318406
406812
443448
443946
461445
518152
914279
1504785
2429838
3137919
5162969
5525582
14223798
17744301
19110268
35817192
36851367
49019665
135847015
9924
178414
509840
847051
958898
975740
1056854
1589049
2078700
2151163
4794834
6438654
101344128
1169068
1632852
38834
287539
316695
462170
463978
502486
525354
1532338
8050499
8475690
182732
212093
506200
711278
1021749
1858473
2407525
12474139
12861420
13940890
19945858
22724828
27625245
437162799
547151
1486196
1504111
1672761
3354588
6675758
7559812
8661988
9582001
20015073
21187163
29032904
72441444
137230653
145500033
198171911
204645074
210624716
216913452
892700
33449
59317
65829
76245
87794
104743
113960
152871
156219
213694
223019
223874
225947
270950
378430
380957
387862
406099
416704
524971
726452
734551
468646887
192005
37121
116063
140388
295141
354971
371640
508947
523238
557556
691545
698752
798957
812666
993739
1095310
1143235
1254773
1450787
1509516
1528158
1639628
1759772
1833019
3765789
6742711
7033738
8908779
499734
1970624
233395
395487
402061
498431
561220
19031382
212911745
951885
2926915
942726
1106854
43021457
954313
954176
669094
1527940
2341548
734777
1194344
6274050
7852184
9544477
957326
80571903
957401
1173335
133394184
18935890
965390
1230038
966667
1665306
4484953
1513596
1593400
6067933
972560
637932
2015769
2413525
2636145
12102522
24069514
55784471
97085752
115507599
2197558
3817773
9110683
1079348
1128805
20216275
978942
2303746
975771
1827409
2344220
153986749
6702184
119777711
980608
18110719
1130808
331246747
992473
52323984
108143967
8620563
1549019
1637595
7178803
14908973
26904912
170967346
1205285
1022641
3458038
21411516
547091447
1141514
1142726
2660452
4245016
6913349
45214435
1023101
1470447
4502082
2348644
1029939
2637768
2225846
4125023
12816809
15264826
1031354
1297496
3221202
340381
7543304
9081679
53931370
256807368
467833808
1034781
1431035
3902415
59774306
935627
2266504
8875069
12164806
9797802
1056543
1067103
59324466
262842640
1072893
133718683
254574634
13676978
1085857
1095575
11527253
252543526
1698020
1111324
4271584
3889561
8253017
5885752
1555303
1129593
3735159
532859478
2453266
2791673
1188328
25141414
934608
39431432
1140610
1602785
54620855
214301142
1149725
1154014
7944767
10127337
61381700
2682621
3713406
6520811
91463019
97557114
5243642
16084189
1864263
4272435
15359251
5885924
1535896
1566090
5882170
3393219
1501434
1186428
2375096
5583761
2575400
225542825
47954016
76358134
31565202
4415569
10253233
29769138
132567566
192543352
345627175
504973660
2365957
181382772
3674929
2378454
2716517
145003131
184183741
2702997
179024095
4490799
4590259
126109158
6334069
2410497
12723509
2829419
219161431
14133126
2424669
393802968
4767372
275877345
2444199
8894597
2432796
2451183
326194468
4685306
2451291
2451446
9819308
2472049
395171638
5066943
3971130
2474806
14870910
2487666
715311
4703389
5372695
197618534
4262425
5125054
157043892
2514760
36069202
1640774
3656826
3944172
477273377
21452089
2502452
386299124
25755980
3162480
8103747
8286507
23382119
34701643
132244779
53165914
57298775
57399615
64003557
68745909
86636734
86819615
3005745
4703555
10764957
429420698
44692752
357216368
455362375
531811239
559080649
2540562
2545971
3032387
2564028
326468183
200876238
2306493
2570609
138889778
1584200
193518898
325068080
352829
4070738
2188786
382840545
41750212
2607613
1415095
3467351
2661969
327362270
506393732
133521599
3420327
2912274
82648804
2702488
38059125
146430279
226091311
2707053
321906897
2764340
4891733
209930166
2239957
183533870
91784704
2757534
46274577
19888928
10823694
8791347
1762178
2716902
2790953
2417694
183968780
2804629
65758066
8817341
2834619
193484363
232819233
2861801
2911225
8841394
165006493
2886043
4503301
189809855
28755723
5562688
2918662
151313085
2911250
13186380
165885989
1677787
66264776
82567903
987002
1528512
170626161
2971191
47281339
487312137
5337842
187612917
7630352
33915671
1889926
3006501
44508774
542181300
210939197
234821420
232195217
86727916
324663386
195482102
184719279
191911804
473337021
241381789
387264138
251680112
351257602
538777931
64243854
201222820
199050600
296801304
242821246
53599093
200789981
202893888
4549450
222825289
214081887
143688864
207259001
67284700
392129761
247064990
172091599
290915292
211402764
173017534
212039251
248815725
213849001
550941981
75181096
11708234
2586162
2897993
37616915
51101228
75347718
124591914
240519308
242200202
5008395
243657404
102841
781477
1292412
1409539
1501862
1568451
1675907
3351305
7109311
16876558
18087600
101324020
295811
339315
489148
579624
1529281
119077
1353564
204650477
1196423
165660
322306
423818
1024182
1403645
1541449
1559014
1835723
1940423
1947814
2036749
2197899
2263217
2465788
2559236
3200446
3412232
4450311
4786585
4855997
5709731
5858840
5879102
6694338
7369500
7984202
8298941
8551187
9287196
10002271
10527602
15743995
20273363
24418599
25333736
26139764
26552123
27754923
32000941
36950783
42456680
44293581
48224663
50367295
51172100
51424733
54093513
58663638
64589973
85217064
93547789
105555784
113595155
115812909
138946499
139305057
152135237
159710220
184839710
192627218
206783481
224454609
225164398
228197620
243357365
266059162
270359280
270413743
284369798
293202555
325814423
339139859
345815221
438338671
445981408
457840830
484870357
590990448
1461926
123454
523177
618223
125613
142430
359278
1703468
2275461
2303674
9845322
11439301
16915758
24537285
30331926
47885195
52751881
68744619
69125097
72457401
73197364
87854035
93298445
100921849
110524586
123629256
134667592
138587968
184656728
194297801
227396482
235217510
323581651
332802222
377696078
386556654
389694839
395309889
442430870
511989100
128926
12544168
1026212
134341
815294
1003803
10188963
205191
492823
508184
755796
1254580
1274541
1327458
1367433
1441516
1546808
1621248
1632098
1691542
22729
7432535
25098
39296
19386920
39599
53860
48828694
55372
55843
356077
63997
67372
369931
82682
105520
1809306
109489
120424
21211217
129094
133883
4460770
162447
166757
133674817
177448
193532
367371
248121
262245
1219484
362810
383001
3693517
436454
461084
6332221
528222
628872
18322105
758515
1269456
10875064
2165161
2258473
49313710
2275823
27047515
399924
39760124
51209586
441990965
1095
911
335027883
1611
20875
189787604
21723
27121
878302
55397
90692
894814
94893
113332
57520474
113704
179333
5863580
186781
200786
5371786
364614
382620
328141398
429860
448194
134966045
465227
530339
81928866
542131
652834
118717693
1497272
2936038
914247
2594836
1117
4272765
1213
2694
7257937
2447
2745
16951490
3736
3793
44567317
3888
4517
32426100
5362
7147
93734922
7314
7337
109832264
7659
7685
155837017
7742
7777
175030288
7934
7998
164427669
8000
8129
214454805
8153
8705
241126105
8781
8944
307061794
9331
9741
429300882
11161
12935
2046917
13689
20926
2941347
21817
26433
6249014
35450
36568
258327059
39769
40702
15945476
42904
43267
2469375
51663
58412
8663259
58931
79672
490777473
81102
94192
1741252
103061
109075
2920103
137789
140979
59897380
142748
199175
96411293
204499
211614
79397709
251237
285320
2339495
329842
338747
29761227
353707
364382
134047366
370229
383780
985870
394767
411269
1244962
427127
432895
2250431
520414
523322
2274077
543927
552063
2893730
557314
577053
2282324
598002
786190
12946456
853928
985727
44130190
1002578
1386567
576528433
1441165
2978339
1558320
3318184
5356156
61410
8683640
15582840
2461992
15793630
20801840
490903
21378649
38928336
33622075
61391275
94202630
251555053
99374843
109177106
23126814
195631501
263057949
1392406
1110
1119
4767522
1127
1405
83330935
1860
2645
236276755
2707
3259
244285937
5671
5685
1742321
5709
5992
5418909
6090
7202
49730750
7438
8331
121803449
178411404
1038752
1326551
788596
908071
1684915
3441170
3691117
73833
76255
8418673
24296771
36101917
137151521
11355501
18340044
11452371
284033708
12324767
12139570
12009363
341365258
13261682
12332967
105667582
12667192
372288703
162859079
83861
144864
636852
719438
152326642
397027142
12914155
13385075
100831496
137659832
456581916
139453711
11024929
13626132
995751
164225093
267594956
57179347
26740307
14172103
40957964
234213
14165223
14702667
14754246
3974410
39481657
15148394
87954121
133319704
135660326
139034439
140238695
144074642
144196258
16522194
288655241
15420572
39866926
15759806
29583643
16263350
37518424
17175242
500056155
185001272
758360
16871747
172227393
17298867
129132900
248714210
244093088
332419163
17355155
140402477
150983829
226958675
18235505
27312723
304985114
560544561
18440254
34370289
60068097
71810963
83862687
88496860
88809804
38611680
24798473
28750023
70957120
142367428
143556160
18670260
19149917
407944883
27097296
50943887
146185097
360627860
420403096
537170424
19121689
6923685
273105099
17722499
23118088
39186589
71485901
28901030
245297177
19525030
12559806
263553497
318768082
505146477
42097571
19920629
35382773
112257613
565977407
144513698
263188129
60151925
145161455
440613167
20040085
95614904
145157781
160931851
235452632
254350168
269749326
417877759
42202606
335210312
48056968
62141753
213860443
220090470
509216632
283227231
153114352
44723266
981612
9062926
359939579
20753372
991363
82356643
187207391
5475162
21208675
50164494
66648098
6504092
43625549
61693029
70824270
372826
1568781
985988
1964427
6033051
19526191
377004
156372889
380538
24946012
368666961
3126658
837264
736862
398460
6026826
6136751
12838323
2038750
619634
886214
5637116
3879652
6105289
10472147
48019259
66357900
70678073
106951645
116306110
175504617
198638018
207123768
224505053
259235154
355622562
435631739
2485090
3020070
84565008
2527717
659420
5242081
235634717
400838
2420414
3941362
85496521
406280
930100
577480
1124754
176086735
1153292
65965308
414285878
176641052
84902988
227827
178263352
407993
1870509
1927100
178383678
2410280
35738804
43605412
80883558
244143277
72529276
145327230
180034779
168040660
11646
138685964
181005653
169070865
406256595
1898069
2688419
620351
170570973
5615944
10043328
183151919
671205
2146623
248668150
2448931
2848770
418690100
3133429
183713583
13767351
18593786
133293563
237597770
1056364
43441
58922
123629
8067581
186726359
302966
411644749
186262365
1059679
192575
190721307
6640055
16203797
220258950
178365
1887218
190615189
18215
126785769
190733228
1245017
191271589
113557
1125949
27188946
1316521
6535192
191528666
7868404
12560124
191807862
12627876
2265251
192512119
13848931
20263785
25083321
444509980
26802847
33742014
192610525
36279748
52760951
208907526
67447327
161523000
169539020
205949713
201405717
194163826
211929533
271061482
274631012
477955551
483384954
195212640
564026685
580865057
195627563
217371
195640015
196236520
1885927
196360345
196449190
3060575
38718189
93967372
65472
214840
542238226
328027
197630881
406102
432493
468685
198517716
630280
198734311
207793488
3485158
890293
198743837
1170143
198755155
1204570
1269211
1280921
199070404
1348398
1455040
199493122
1489631
1653268
194392941
13961405
49482493
1917274
2059261
200534989
2288089
2347392
2351840
301097082
2929402
3087280
200885815
3392308
201895372
202565046
332949899
3614550
203200970
6573989
7807267
483533787
183646676
188041084
203896170
302572
2498251
117531305
54020
204096657
204105852
975425
205286506
482756
2410631
206190733
19336454
22593527
18331
301236668
592806
22260
206600965
591398
617822
206890893
21346577
876317
2058455
3036568
208244035
4658930
81819
427686
208877736
1183038
1388839
507460779
1549833
3100561
83164357
1960058
4044482
209329708
8921958
209753330
11073301
12919340
17784496
210164031
18362012
217445890
210235599
31318791
33979484
210859372
204959678
212030691
38481243
40607180
55260491
67462538
92184041
116386035
212955890
182395053
417798
213266041
203602365
226190413
214092789
229666199
269078991
151668481
273802700
278350130
278722854
282261753
214812422
284213853
287403523
297508828
215239705
322598672
34370156
215477540
324724314
326350262
340019888
342911319
346785616
357257419
373926324
382222389
390198653
409585486
1077313
215718665
22089043
216257331
431126
2293536
17141578
174065059
5679456
923080
3912374
38818464
60254796
139438923
