153040825
7697818
257827389
312285649
185172994
264995984
18819698
266331400
27278116
156532997
366619183
485214998
8015955
321742014
3035524
3431050
3755667
3043669
156020143
3063885
15857187
60607725
171961292
213505531
284083600
6038738
3099035
7064802
13393764
2018322
6610720
7605352
139313913
37048001
51538631
62469652
131904979
7073504
7092835
7300402
9113449
11555302
17085188
34843806
53313075
4770900
7949548
19509513
22613039
23380429
35810920
57437701
78970670
85718891
86717702
87109482
87529467
9030088
4620005
3211052
44570321
80970421
292726949
4672020
10576400
12202214
132100856
192017616
3413437
3273824
13318996
10429204
46766933
134227387
3282751
142252950
247391143
16688254
3310701
272750960
2688936
333509706
7950349
6050520
83667129
230141639
3358890
8404602
3362233
3363882
10678628
3398253
3362218
3584891
286897569
72036606
31623841
67486848
47789263
53206056
88062216
162593777
361414339
45987691
3425432
3441639
116377311
3468732
147445074
185566769
3239888
6186852
295931281
457931947
3510923
135030741
12147542
3511143
3520548
2464847
18441467
3553080
14342943
3535015
432543
14152636
9487242
3567763
39817735
59853923
395503548
5206410
107558303
155690681
194430091
227935251
244449181
268831571
297770699
307165294
344214606
274833318
385158741
390700704
401941063
455605603
554268092
500151369
40719304
184297668
19910923
492454139
380195891
138157441
6665694
10517931
67418782
91812264
97989285
99282672
135597158
194001918
302531082
318498190
329245999
9633657
275159484
6203459
183990200
3686227
145027602
5399200
34278809
291025
3801284
254046608
3739160
335450233
74959558
85247692
103849804
154394783
222863042
224630703
276358256
261835515
17572749
282739023
54913237
92009917
101021340
142312411
147862130
150117817
162876209
174031055
183300944
205875400
212698059
219875795
222736529
224945970
230992155
232791491
250524608
252925877
274821249
283242038
321629018
332707912
363761277
16923921
367932289
384275512
409728726
413338837
445019646
455049530
482095113
488983361
503647644
555336780
559732684
1594970
91925689
1189266
15385715
2046729
8457898
133550352
202033060
1268042
548708280
1199516
3833540
4267851
226529846
305983302
176684916
1210897
2993123
12801616
6274619
1219623
1212353
1164192
1254483
1882681
3316468
4071101
7693018
1216012
25363
511630843
1231226
5077989
2222739
7791761
9271143
104029671
150863131
243148437
267714488
1234417
1240855
1651275
3843342
27564527
1465169
5226666
307067953
1285134
5644306
247753373
5842849
153214383
2790056
1290904
614103
2278696
189968636
222798587
1292460
1296285
7824886
1305822
3930546
5973536
12320421
4030608
1329157
297347755
57239526
4519427
9774070
153348117
169841318
187133815
5860338
10078292
1806848
56161398
759614
973292
1356980
4328056
7173267
12818501
32686280
32717748
99177374
204969704
352522296
422346306
450344056
502626383
529892157
537457884
5656118
1339596
2972506
5194852
6927224
452646399
1339876
1341763
1344699
2932810
3375657
1346960
1347620
19076234
154382345
1351146
59275223
7890017
84787023
1354802
1555421
3366726
61009173
78525898
1707319
1355098
2103431
7245914
1388186
38330501
96322837
149123149
21456372
39928427
207971556
2935818
18529666
54874748
1391824
1420373
1394583
1720968
49518
66129
92079
142717
181306
189669
220344
256863
350888
1151211
1397367
15308305
92363349
100911060
194750333
2767
3646
3915
3962
4163
5768
5862
6317
6926
54598
56944
74334
94121
196922
216337
261536
317204
365885
376637
562708
690659
1032797
2144888
2155769
2961866
3668887
6579681
8705086
169115580
242739930
4409
26146
27079
39924
57973
73121
176354
205288
291720
407854
1419776
2164040
2347840
4438830
9397930
16742904
20507016
34764454
45756983
176941789
12770
300944
330985
355096
650837
724927
42233
4838
65511
190968
223062
33865
86561
91780
207175
409404
1335112
2354942
2744635
3053472
3727825
4462005
15607317
18310822
32162052
35663125
4360
11518
46205
48809
96588
140315
209957
210294
237508246
74614
131464
37330
83117
11809
144170
24284
33510
34253
40090
50712
53448
67512
112182
162236
401723
458215
541129
826651
39798987
406978205
6542
11589
21656
55031
56221
72993
95598
103081
233319
256670
382163
389711
464487
673357
840812
2531265
8021610
15728824
2750
1218767
8060
1876544
4862
46733
65665
75791
119121
124657
250357
274243
292604
295882
434863
535798
657349
877691
974947
1320705
1786187
2783717
3084297
20458730
25064355
28990522
49681477
79907121
103719595
131653410
2489761
2518828
2520785
2669306
3139658
3204971
3219715
3552906
3665758
311584358
3679124
3721756
3823866
4618669
5324065
5546202
5592713
5670488
5977001
5978908
6270362
6369735
6398198
7414366
7652123
7852046
8034672
8316289
8536997
9585685
9678950
10278660
10365838
11028228
11399188
11618793
12304487
12467048
13127346
14895372
17579158
18393314
18395737
18838506
19773856
19929885
20471032
21881472
22671833
23685262
23709373
25467770
27296322
27347198
27840008
30198022
30857751
31372496
32141982
37125363
38309201
38372751
41585746
42404807
44160401
44470100
46453127
46462361
48385127
49676165
50175219
50490792
51149165
55827371
56109258
56579500
57586194
58845952
63772229
64158654
65171071
66647410
67826603
67963576
69945613
70915549
70962939
71115248
76690973
77062854
77417299
79451420
79491719
79720983
84797484
84887798
95527759
95658062
96688671
96882448
97416098
98536203
99839996
101348503
101631840
104570574
106956823
114728241
116643604
116704687
116832968
119262022
120874313
121062910
123319365
125020654
128313246
133165443
133522021
134291367
136506644
137727972
139650034
142472825
142627356
144493346
144628503
144795167
144988385
147159610
147332981
152758039
152921147
156231340
157014438
157417301
157445438
158113047
159529649
159893955
161201691
161767731
162036501
162146554
162438490
163085914
165571323
166057533
166480875
166813190
167377752
168067189
171254402
172818601
173027189
173541909
174559513
180586220
182409893
184189446
186883929
187236627
187682192
188393363
189508888
190180986
191810664
195241179
196648306
199022995
6162416
8444604
23964108
105753988
2744036
6329136
9817517
10338211
17278900
20051386
24549580
318186660
12850144
1171359
1513389
1711693
489814
443162
64689252
1574916
2897441
3216953
4097352
1323467
3926280
5717259
10628487
20258125
33220323
43302113
84633459
233914944
458286
2442254
4125263
5303950
10827587
11701474
13031355
30885385
30900203
59481910
72845863
83374016
23855628
49372895
1334895
12914856
2935545
459855
545599
4839262
2690158
841790
3119426
450179046
1990740
2082528
66644801
126919653
914693
461180
55138666
461519
2722641
468149
1491888
575998
10052234
1050973
7208564
700237
1167118
1459974
11343020
283923483
68658996
470959
8997757
85496978
504858
474484
395795
86071053
1242903
1556824
1585666
2315078
3108997
3545005
3940771
4012154
4831464
5201300
8089300
8784068
8857392
9760262
11797657
13534025
16422895
17189725
17392117
19872554
23585127
38500343
61267269
77109277
84307780
88053209
98458102
100688188
102003625
133808515
147814333
156061422
158099674
163705913
174005394
176074205
177316763
200230866
214097202
225436190
246313029
249528090
262982550
267601283
270820963
280334178
299875340
304988068
307528100
320850559
335983840
339751004
356958166
391300042
398412688
401807745
953190
4727975
14472063
27605709
49551997
476488
476264
42036949
147501601
481382
8057657
267149485
433567994
482355
4052200
482482
2244929
2446475
486553
715840
8414808
11807357
177774405
1328939
1512533
3604360
2576828
438771705
20526720
229274712
217836517
3454779
217900374
217962256
237857337
218338222
218419428
212884426
218512893
140258
32689659
501359827
254219792
427938120
220246900
220618592
84622702
221225013
221821499
222560782
222394261
222608429
222617132
216163995
223064644
223274899
223402763
223704896
223980274
224564595
224876039
224337960
224996018
225355108
55168947
284922735
226043042
226919345
227020996
227524656
43663334
228239574
260034027
228637617
229332102
229489696
229537059
229592826
229597853
229678383
229904184
231536981
230659295
231627764
231871787
231890859
233153219
233420846
234208771
234426651
235293036
235739845
235785067
236285998
236608981
236956901
252699986
253443396
237427820
238985544
239229264
7752206
241554281
241843692
242648812
492995979
1341319
245862336
341197424
1952528
244474708
470595504
444901181
245915489
83187327
362968667
246242540
247061088
247104232
89978826
159769273
171332024
252130809
141227872
254375870
247682338
247707938
3087052
247871110
135110427
247995281
249989102
184959171
192186264
196882591
208360942
239108762
243957592
247987625
291927399
294777377
446140929
476574737
335273244
21251457
24553878
112555041
135539988
21662397
38847505
54135713
467403919
27086779
391920400
22493445
50307188
438361177
1369341
22802949
263381892
1657663
29858523
148972416
40367966
188817225
23175098
24039970
44867876
23415551
23738317
141484049
216149047
99693953
53211041
55775601
136899566
541053001
404706420
422742946
24122259
52464915
97685922
112085510
25960944
174427399
457530720
491144407
132016317
179310544
395224971
26488543
24744053
72797774
83776475
141580837
25127870
334621855
25561783
10560407
47078458
53880779
73197194
73749781
25751711
25974659
291743545
15052431
167379617
448065386
26549901
26591212
53482687
26785285
90915751
289192327
27205954
2190291
73341593
27271134
31724785
50521420
53473602
27372420
77634133
334934533
8836881
59260082
356495672
27504198
251022334
27540517
27703248
27060873
27670351
18286446
63099843
2223633
6428114
53736258
364824462
28042547
28321846
28512023
192527691
194864711
182289133
334394785
13771051
171624971
29316226
5257845
6806112
9917438
31858582
45267255
3759914
295820503
32377566
154062231
8835499
2365268
161724289
151455905
33224084
33227136
158270233
57697607
106005339
590974820
277244090
34028160
183705444
190861508
34071847
132056918
174733083
34335056
230639418
431415564
19857175
35205206
183894259
299547163
354197096
559441654
569869287
708659
31420
217298
321113
627690
1766131
2842849
98977542
561885
676706
705916
2942379
4660331
6761508
7220300
13539445
19650415
22317489
42193128
64430916
76911803
140205968
224728359
355494959
230659
561205
1201151
1341452
265377
31105
64358
65474
257708
330441
654425
5059975
319318123
22895
4222562
20709375
23217
26738
540919
4856362
197081912
275683
1390522
99902
174868
471839
854090
904888
1542745
1768721
2005496
44126
137266
137733
302876
3646393
26899
2305566
171493867
31299
1380956
2194637
98355371
2315399
619456
1026553
33424
54706
348936
4863345
763443
1498223
6363967
715858
43380
51719
99863
312097
425333
4869561
209553
6414505
2603902
38594
148557
747914
1409235
1574442
324698729
559595186
193472
293644
607548
869158
57115
155861
193690
241989
634887
642243
1006084
420503
521010
23978709
150832807
1522083
1633954
1803495
10462027
18119931
38575845
39336649
91392906
108943
202963713
1468031
46604679
614304
41808857
620142
37952
193772
11874109
1182206
56796
303536
1913723
2787570
576303
3568639
93092
54802
370439
4679260
6502746
11917227
292179327
1213448
2780616
4024932
204775
214617
247932
1486213
460617139
1518179
440102
44285
514705
517083
69344
83611
714221
970254
1035979
1059440
1307514
1335104
1549241
1554822
1775352
2003464
2079162
2338269
2866606
3085771
218740199
219083665
219938102
225532262
225634323
232598048
245778806
245973948
249472013
267602513
269342401
269900552
271678723
276798750
505989
6715
492769
9169
66285196
67067
76781
26059554
714884
5155743
83139
6181382
104002
12764782
701461
85080164
168238
388115252
80488632
2457032
507451
1705764
541320
1229638
2466642
509050
55038
7208398
2928671
320471
7707700
7238510
445608265
268415688
10479969
510276
1220203
3967710
9012815
449059
511373
2508654
893912
6810698
18615
521823
2417683
53627
924668
1027716
9131
1497424
14914
1690187
2308955
37552
3184172
32323192
364658
179985767
80381
977353
91320
104645
12876
2639290
1618922
111251
287070
5245916
432722
999210
3373914
51398270
17282791
16428140
3050501
34483
22692949
525986
86472
5905070
2757128
114877
1602011
3245068
317766
8802384
100686926
377261
293263718
4875796
424811
382613828
28586550
554173
431081729
312797934
1540295
564782
412712183
12932
1681960
534030
391222
1698657
1653991
1435703
2117243
5137303
5467484
891582
1817186
53872587
76061117
974117
39144031
1421341
178667038
5836
3995528
540674
3238991
34204435
648112
109381
104821559
5356268
152061
547722
193130
1140993
27100828
493135
46431281
2850768
143491
69831324
18109666
739664
875070
69755578
892314
1572707
152677917
82285287
3322847
171165131
158680203
6312355
289777256
1019379
24169368
551749
24815271
759228
131824829
555313
220578495
145901397
557323
30029
136854683
558257
48233
813053
1464021
97264
3770935
1935752
410484
78470840
420314
54771992
6843558
724977
499736
1288838
12808665
522234
4749571
675772
574405
565421
3245742
583855
12997250
2397858
2689221
274429555
55431375
4647642
2260724
4873676
593882
200475832
5334671
2635283
18375445
71576077
11060830
713911
13717005
1250701
33645214
92198
1117393
594072
300172
595969
597025
410707
1106029
1239350
447070
1737602
598812
3229131
1189043
9707774
1986371
10338243
88215772
18754209
1595862
5156987
3795852
17893853
134844860
4735
689564
681998
2235673
609856
117152848
390284
504650
610875
1759726
611063
294440
395425
408105842
616915
92413498
1098857
1704990
2237548
842901
17323710
723964
2735970
761239
1166147
1546421
2573188
3358426
999755
1411007
619769
320351814
454861406
292605387
587895400
343513
2360563
6873505
55811900
6016288
297747674
587522
426541954
2316689
2260814
2708554
305227494
3932484
4725691
4818409
9348149
25890317
45207280
199128940
2961628
204600866
206406360
4257853
207577505
2821752
212494651
4952379
1131073
212499514
3508227
213236318
50072488
1642069
214273312
17831371
5325273
215194084
92865212
163141067
215682424
215735402
1529076
1423442
217509642
218584500
25769366
218711302
17920581
545052118
1428818
444603258
251260482
223957365
174339089
3854622
1458024
4926456
226124507
231210518
8052682
565773117
233665891
1617814
243425927
23069500
228347039
431077
1463865
2864387
256532612
266999224
13554407
4641606
268332528
1479180
1469200
269515097
777254
1482384
270587820
4715982
1976219
272035623
134973059
31825840
277354415
428195661
175649064
284907112
7797458
1509277
294978794
1419298
154291
300644265
2497186
1595274
310597027
5380398
5262520
313746561
6363540
321322320
13463608
27734577
16448241
33908909
43012034
325283565
49243585
52000540
327074323
55378061
67288088
334224369
68659344
74682179
343054669
99692162
107680222
344796650
114637909
119659381
356514016
133407953
135810247
360317146
148404754
153320085
369504143
167603755
176709997
207450
182883936
188887249
57113971
193581952
196396824
323452121
202330522
204368000
522830467
213093739
215213454
143437
230065693
255432057
688995
256218991
295531244
321837846
308927705
365518918
103706939
413445724
429249356
694703
2228436
504122501
489740143
504243395
51711598
1174223
101755805
1327059
1509348
1522961
1515525
2545159
170208525
903297
3531396
1234974
133715261
323604279
4916908
1527464
6162960
365126459
2827080
23730683
1058047
529496925
27867717
780779
1228473
45429238
3089686
28037397
109031506
95944537
367394557
144033
15857384
854220
1967515
1715106
14616105
13245767
41941805
50869386
1667664
81639483
149071932
7570421
504793276
1539396
13366200
1398894
35714619
159053
3673424
5674677
20597794
18108357
39082009
2538003
42916573
73599599
28652779
82303173
163492368
159618
182195652
183850057
324157912
1559154
1223950
6789948
1569956
134363545
1547708
3792120
273385883
8434969
1579031
10846408
1193201
8735141
225511584
23658294
3494827
7352629
156291087
8160311
9284507
164038
9878625
12309057
14176097
14299865
15937615
175098
34431249
48336644
1284429
49492341
72127894
241814955
78682849
177728098
1778416
7683004
80773906
166228728
500460
228209283
3013119
4388566
1588057
51284714
12691926
381707116
2162552
269468103
44731874
190468
50625199
2950670
2832818
4133634
325820549
173586
3019229
7192489
771347
4055350
180431
6769123
328478229
16223701
183286
364050
432993
7127945
342110226
343112395
351886421
360104782
361723009
136248
1783157
298924427
250224611
378102106
383277086
250612194
387650088
250738483
429665055
19208113
250766115
20928181
151420076
251222402
177028624
257723295
240794966
295290161
251266516
24364104
364608540
408434
270412353
3824553
272792444
252130151
25464472
252792385
157236118
480423240
45260275
269515958
448703712
321575638
255749721
470266038
253556819
362513131
474979907
255539431
532730916
255904312
539948474
553203010
256604420
580732176
13832242
3853528
207023863
257534987
3845314
372698134
3898882
259111684
1244943
4462950
259234982
30617861
92412827
150703446
261910005
204994493
3918421
504903221
494478039
482479304
4011619
264049542
322128639
365468363
12448828
136994809
265826803
3952060
193256
110591347
434466230
26875379
43261964
267064135
58627084
138687416
170117018
182812373
396978212
203568826
216584215
267867118
218688315
267908901
255640199
332583983
268030950
268034715
136381001
145029298
268217380
223636486
268278331
269529979
334644724
343210599
447831249
4018682
270741229
4026591
171785683
451940911
4732419
4130953
271024158
24588069
281806746
59464113
282427944
271541356
4285085
138985037
270411271
271558964
270413332
53202306
271600766
4148260
4174803
4203167
272795016
306182323
213763388
272789697
516256066
14865439
469814372
272793100
4219803
1050928
268841356
4231702
274215097
145318765
12863460
16879219
274627268
5931467
4355261
138451901
6702668
164292196
207799541
5090032
151656914
564504327
276129148
83898419
276283718
4557587
4428264
277030155
2278519
26614769
277301454
267214675
266036234
9598837
168549069
144821452
8515112
134478814
279249568
257741619
4735952
57608934
4602306
281336546
59170922
4611210
329829729
280829878
22555688
34270210
348227286
64699865
199253397
273722239
282459615
588775814
157263153
14603958
34338565
91490774
4830207
268113939
286243476
522673653
1849068
4842456
287625838
4869110
288830577
10051843
1193881
290536583
290332940
202395408
378246074
412471605
292673412
360185686
4891860
4892087
293108103
4892805
142832818
294134321
293138008
4925172
293281809
10330072
68767732
2621073
294446534
5008891
59107462
57360211
128505519
295179438
411315268
5012391
5026760
15880725
5031059
180877772
5128656
13456836
297096317
41909723
5250885
152390340
32033508
2339443
297724994
586786273
5298090
5271121
5334129
212397827
300400432
366688442
66987793
297982608
301492852
5513774
401359
493646
1599802
5353867
327019389
10242655
35293717
94267111
35538484
195875366
57328353
1485967
35812167
22886276
36093017
90409840
36286929
33126798
351621975
49479643
36722474
163327651
37663075
42540588
131425397
271354405
291046767
137845838
38480997
143213287
381978634
168545931
221705833
225714990
38741407
39455908
130581382
16435010
90904915
374808139
40084814
41439987
590328814
41468417
43031573
70786321
63066760
43359780
80890376
29320147
83131614
217841709
325892816
44412564
44903902
390868099
45292335
477637311
139530074
413320952
183008048
559161815
235623095
54567857
591016144
48888286
198102209
199633271
268030778
353545786
438384769
539962204
365100728
89509180
73748910
2132050
87783676
174380646
401467584
361426414
118683907
49730393
269632769
270071005
19593966
27919436
29480265
86711045
50513147
50791109
51170087
20199520
3709526
67968850
413545419
27932636
225623376
51733187
63596076
136742453
51279846
202263728
202966767
260483733
275696092
100596521
1678850
51678887
273651308
52049102
76189850
86849016
93817621
352691695
52480086
222904353
41656507
52590026
52728125
59447888
71262065
120195642
4353919
140888483
29898690
53519952
367161088
53803356
170866711
53946154
88303962
191219147
410217461
54159073
175338057
54615181
59198554
54701135
559870299
55042688
6504320
506313894
6580667
55413505
81089088
101101057
55699584
146614239
55823231
323671611
56486598
56106307
94521532
139387274
144050936
19086675
58707369
56575390
87753970
182987562
994700
2198911
98169314
1685970
276308360
132100272
1140161
4915312
25685811
169350926
302990
627998
2156056
2173664
3109250
3395383
3433784
3808014
3975343
4416416
4726952
4756068
4789441
5288899
5421412
5545088
5715434
6156699
7022092
7475295
8063340
8597164
8675503
8863704
9695286
10062713
10949352
11639803
11971326
12501101
13915230
14085717
14197765
15330359
18739049
18818396
20249971
21278288
22224959
22376432
23498703
23807587
23868376
24511782
24968584
26151177
26287276
26678938
28037646
28352497
29667571
29840976
31670792
31741467
38987952
42523457
46854424
51269035
53050368
53212318
53449629
56791375
59272326
59990155
61929194
66360949
68504419
76790647
99103961
133898978
134741370
136848204
137826446
143554404
143557559
144392216
146850870
148386333
152334114
159131292
163095430
166823591
169459510
172082574
198894523
202590157
206566694
237055390
237318523
249321631
253072734
255476890
259766146
267267231
268284144
269146109
275796080
284539503
288843533
295635502
315958062
321371476
323069230
327144706
340937850
341263802
354507744
360883672
399862159
407068847
423982653
112335189
443049674
447539953
508288790
523523531
528651684
529125879
534551238
538737895
552969971
559423295
560045602
560768954
579141502
590844460
1728592
2926007
5692707
20331071
28408034
51440548
53918776
188619818
278679372
2300132
6157
3470597
13938760
65781
380892
520127
904115
1368160
1865247
2168624
461844
666191
2506515
312935027
389924
633223
1322487
2282550
25903098
77838905
259493882
3547871
234914
269324
886064
1425564
1619239
2457175
4861164
55084513
59611708
106442196
318014441
204306
39074638
156925389
878702
1127720
690331
378880
206178
193247
465459
756441
1321978
160571564
4800557
6768845
17408454
21217975
266770803
856181
1025668
3426726
194162
6854347
467717
1440523
53319001
165956523
267909138
628853
2265669
2727343
22169808
40935661
162895081
196772
17221178
480648639
2658911
204535
32410
3193436
25651077
382722
428381
726270
3914594
18060464
226290952
95628210
97184344
155052104
173093789
219986849
271231898
236807623
404843785
486267351
3100804
3840260
27024150
273227
302811
557509
660817
844130
1019679
214108
288350
6794341
237202786
571409
4193634
5052705
5072692
5681611
28724748
32777622
103867490
206117242
256876
540229
10562664
456595
536452
589377
706283
760208
827363
851257
989378
1023124
1133979
1248579
1414003
1578100
1644351
1743074
1986579
1995837
2070817
3163310
4048230
4298762
6022959
6122832
12662758
15175824
15910865
23263577
36752745
37620214
53177655
54258520
58331660
61409097
67203839
72849723
87811992
94642914
94643239
95612015
111247319
126584523
133435397
224523567
226635042
286833035
394884584
456930
597783
633720
2060013
2857423
2903020
4038448
6906449
7512655
10395263
21862986
43569794
51932416
52042889
81978710
85132547
134553764
167105461
214322320
218108391
226934517
246201678
272751924
277743580
309296932
329751694
351238679
398156436
214109
458562
39312864
788744
221809
264225
299537
1366642
25640040
63646439
168416800
1028631
1143031
1192118
1911662
5371392
6117849
7355667
233260276
32128
42414300
373198
981382
64511
76517
355568
500233
1233660
2258394
6343378
12652301
6180
7091
44943
55782
68203
73368
203011
239031
2343367
61984
281866
41826
854775
29080
5915
529827
47667
87574
294364
374537
383375
407827
485605
650412
1520831
1622357
3570035
5246316
5772
45544
45769
50295
100816
101361
102514
156441
189992
238583
248275
300484
317025
330830
399013
399256
415640
433591
466179
612525
687602
687821
725700
915261
959803
1109198
1318727
1342717
1404140
1462482
1465974
1570444
1572628
1734069
1773345
2079629
2130792
2156724
3281409
3340072
3365454
3767499
3920404
4478507
4587546
4754473
7326017
8884602
9785428
11163651
11603343
11939907
14170968
16698400
19330437
26950503
29328617
32896057
73746940
132972957
213771815
221184970
3863253
892245
118592
161827
463252
514687
608486
643939
650743
689156
704106
879063
1173956
1479573
1642795
1798190
16587085
34916
39495
114862
119560
179784
442421
1515487
2050930
2555618
4332478
4519605
4656597
23357286
40908361
65962547
359137
969148
1201469
2411079
3131203
3314029
3605548
3698970
6461727
7793499
8468801
9885675
19598808
19770627
38215107
40718649
53331496
55082571
69421057
80872660
100801741
104375286
141673169
141775978
153014981
157090619
251833509
256957529
456686568
538660835
80872
42010
116850
150564
230307
3765804
294535023
6755608
8677967
1762226
10947304
20079501
61904391
21369736
23380129
457987812
27378557
27738841
505915233
31475945
35711151
304847030
50217139
51167213
15306925
60443869
66031062
309173248
66322552
76084619
309497521
82956650
85364514
309711707
116340897
141594309
309692494
143057534
159849816
310840200
185396749
192947183
593849930
250835726
255091389
115921070
18146079
202325321
315236741
686396
17678660
317975125
268218465
126109650
28929471
282245894
27314756
318859471
50342696
5979714
319252491
50669938
321229931
319475714
1724931
591048878
572997438
16491268
18705798
183119030
184642917
25233616
61676663
20828994
1653142
322526897
18463305
1663346
322620935
1795431
1868211
7344951
3327546
98929641
482434366
1664382
3287973
370678806
1666653
6410242
330484829
260631431
1675069
327157851
1678232
1679436
339074850
163425214
1691051
331683279
2224771
54641926
331605956
1532945
52016464
336138808
5288596
1737762
1291906
44142979
494497425
525236324
1247561
3442087
3741795
6830433
1742219
1745258
134235031
1754605
337422799
15574420
121406006
337979155
5975582
83043415
115153614
3425522
3751947
345047548
1777893
179776072
270908707
516734636
3270831
363385174
3591622
7670072
510828533
29156051
46318235
342793796
96508534
125082989
519372808
166867901
167212840
347420190
186058074
221801787
546534777
255942853
263265117
292264381
304997889
343138191
347365924
352085700
358354216
91872011
362306768
377511586
222260018
406188975
424397339
541070916
448612364
461647398
353691111
498274428
520459533
354853002
1801062
64448309
355179800
1813477
29798135
439580691
1813559
1818263
493236836
3137183
9842629
556999521
1830471
298933
571885089
138112243
131799952
361344426
1839887
1836191
564335557
25413654
33995246
239623447
226365277
1516656
419724728
1860246
256066458
31868484
5293786
1864111
371148457
2614331
321033166
169839117
1883852
117050225
1815384
198454135
4261236
557561557
9459454
1361612
382361766
4394102
206857068
383043498
1916626
1895808
194422622
3441920
8690486
3177420
13490413
15728471
7807998
3901143
10274567
431105333
1910201
60319299
178261559
100268095
1916821
463776836
2326761
3872539
168688146
64431958
882260
3248581
409124924
11760678
413540672
1925168
1057709
430218262
835414
447476108
48114761
517977764
57482052
15967495
330700609
58919322
58094435
239423744
171339150
58772295
172659
59069561
59223816
59298601
2765618
59491228
353231026
59586985
59608343
60473412
432152351
60490381
60699514
61280716
127486691
61377710
220644333
61773333
91105374
62528799
62857482
63300636
75989726
139906314
63410271
68920750
337468110
63850351
63986633
64323497
180904412
65864136
65474120
34024142
66437695
498137237
261738599
17975467
66600992
38368520
87830541
66609915
132323909
67259216
236428961
67970828
223192994
68649350
69624406
69978241
70920935
34844422
293405117
71157035
341465402
71859666
56010634
72571805
144391564
73772977
214368549
188997719
46022634
76388561
1399774
76609547
76710255
77624218
77866639
345087894
78552762
232232431
525272023
78918705
266692290
11858324
73485504
348516137
364118054
383215840
391713756
82352026
243472242
185838519
302607258
401565188
559491292
176517537
482481201
184580248
83226152
203682757
444904122
848093
2081562
83877982
83981751
84013543
84335373
253632126
85536422
92335803
85623181
71243761
87036430
87428533
88157708
87826999
88302229
121715306
137869209
88400089
167955219
88913920
89026285
89289016
91848155
25026717
312689444
91854007
49460610
107395008
92163161
92887506
901108
1348190
1747251
4345684
627118
4846964
6792455
30005598
542724782
599317277
624671
1425316
1926639
8536236
651877
1575733
1992925
150740150
555885952
1186418
1396594
1415907
1978143
2576213
2762942
2021839
4262350
659522
1054527
3281846
6650104
9374022
182088389
327775720
6026653
8003176
963846
1718509
6760937
18752352
169970145
300329410
433340060
685464
4336262
459890
2671404
2802259
23753969
206848801
246926615
251159614
269871836
276215348
284668331
289779296
296656447
298217123
321035831
353773171
399462540
418001943
431466603
431639948
433295545
444142288
444765835
445600141
448624132
449068843
449690288
463448145
481260059
491488831
507797400
511203982
515247197
517727698
540215088
563449802
575403070
454740582
590415705
676698
29570273
38828995
676741
1456625
250201744
3252637
1425114
2527635
471265997
20122782
195804306
1519023
4731691
1677683
687342
280827617
15629834
26451044
1190022
300292625
1882155
70461391
145589200
693732
1074408
8727139
4135766
5064400
49820081
700773
7881660
15046798
2569679
711696
712265
184769651
749387
1318249
5336284
1145040
4463821
111242597
1360131
2576127
3721873
6283830
7711400
755104
1328369
4155373
9700094
6389229
13667905
278263868
760324
1549528
1599941
1045318
1383867
1956517
2705257
3922600
5964438
6598100
10398969
13369621
22502231
23778886
60367809
65287281
109753536
136217294
308375404
321732719
370535592
406865183
500806372
561498438
2999291
767696
992637
1301380
1867129
3409560
3662789
3883260
9727799
769631
23980407
261329
23440380
472757
121948
244145617
181466
377651
2112093
499955
27438068
617271
11146400
138247684
623209
785239
282596358
1141520
352127
34414193
175826070
65847857
1111387
6691251
337745244
177787443
458970
566488
225186254
14744748
396074
237158765
991660
12188772
432304617
6026527
249415
570060102
262618
5540856
366693
518299
751245
5489298
783193
793202
157418370
1299321
5624427
1920948
7773732
12985778
67096280
695380
209642
368909093
862277
1134881
431493170
5506948
1238597
442990485
1834908
60918
543056136
609766
2210199
10390823
6089479
258345727
15582211
5055464
2093154
5858413
777992
5364751
19444175
5598912
36227301
431945203
41138333
941139
26549982
1520931
949976
72116805
2508994
12279415
451284620
14355731
5859849
18744732
24962173
5926827
29725670
34310092
34566837
49768994
55557280
207975022
96140871
136276519
3140871
2477775
154247461
286234946
91037860
296292445
303235791
377030069
439289002
8636712
449691877
486973996
6143188
299540187
3576866
64024
112004335
108053
713937
267951224
17176015
954150
6196273
4447150
201159195
499972871
69791
437386
216468123
491802779
6288051
3653274
20270209
6255337
189305
365430
103721075
208760413
9000782
245495
591286807
558815
6277586
7785933
114727664
6342255
1190598
4679473
6432609
4707265
1583620
166662
45014187
355124
590923
135887294
1030122
597154
212205185
790909
886213
251664583
1046726
1543457
306782559
1618135
1996000
436844823
2172313
2575806
536103174
3212490
3469491
6416385
6408999
6460764
8802043
9673948
27392460
12609804
18525346
20742618
112677484
32294045
6548042
34843001
49729644
6562499
49743022
52185600
62413872
334678
79717162
87979735
6713880
110152713
121378062
221779993
161257086
6823134
161763968
165218571
177944826
38682437
196726999
205370647
207050052
222437971
224220238
6855392
245248299
199324724
255587295
274187858
276427347
6866304
276774176
305222556
6928515
318216094
343537675
253798884
356409988
359134959
20362113
376964087
412383618
178114798
439447179
519746310
6960304
4219301
653623
7109430
1939886
64288098
269901339
422701
7223953
928887
1184494
1451996
7196773
2243312
7293309
2379425
3142437
8408973
11014140
8918730
32383401
36391536
55649460
22380455
60448662
79318928
60254796
81872672
88941636
209987831
268677433
935170
38935717
282179
957575
1994727
10038234
223911
710860
69111287
138521768
428761073
328128
221615
252407
518248
2391429
235066
4825392
24559344
462871
814917
852527
1197345
1348561
1506097
1530981
1596113
1651588
1892597
1892891
1983899
2110934
2259698
2700199
2821223
3018488
3060572
3313018
3741858
3894851
4041114
4166878
4512428
4746197
5106638
5219537
5823813
6455269
6508969
7520075
7928645
15746141
16014481
17147888
18412197
35626468
48026708
157243469
191858209
520739998
231918
1882414
1948798
293270973
251570
203619
285276
460901
591974
621070
690878
886342
1123847
1449497
1484065
2815137
3748073
3754373
3893799
3915526
4504152
4637630
5302959
6517156
7466968
8465503
8554971
8736457
8902553
11763978
11800347
14236094
17106667
19607837
26821662
32369155
33809596
50329040
52450171
55277689
56505209
57771381
58914157
59411366
66835995
70802763
80472520
84089436
84911534
85784357
88201338
90585744
92349291
92687646
94319722
96106802
106574333
109799367
115816091
116012399
118798330
122694107
134738418
134796121
136743608
137640821
139167333
143795176
152419016
153351371
154768909
156607095
158847467
159250955
160799040
161712518
168031397
171947113
173929980
181684705
182143268
183265882
188822155
203243416
207634555
208454576
210086531
213105618
213178191
213384608
216800595
218970687
225750115
231717455
235605387
254643490
254686680
256793488
258245305
258270429
261978624
270085149
281523875
287232893
292217520
294082709
299034253
303500994
304980544
195
3768
274
5106
15745
6492
55047
59368
66559
72981
73801
97134
99056
127986
346125
393551
405764
809577
823654
898562
906299
933429
936529
936595
1136865
1400162
1450071
1528107
1533610
1695366
2203645
2281102
3817661
9635879
10331407
481
3997
7207
23258
29046
85340
103931
167521
175571
303522
316469
394196
6823480
54713089
161156524
620
2540
2976
3597
4430
5304
6413
9467
12013
12808
29642
31132
35820
45126
55392
59967
84549
163234
175092
206553
238683
244701
269834
277827
427926
471780
594845
607735
35496886
116984281
146252316
193838956
223280895
445797471
516864802
524896396
457694074
582196703
588089683
457860139
178312578
471007446
487519855
594342975
397586478
141293326
497595974
521249845
536175989
514676875
270414423
270907766
270909386
270911040
270912508
271478344
271599365
271599915
271602088
271602675
272789026
872338
522704416
525136660
535914782
540705924
566824423
587347382
6
2832396
3250734
4575489
201454352
356799
2389500
5043687
13531251
18239724
40890151
89672871
115061822
117065663
133246798
136422532
145771751
166509264
181520833
189223264
191823843
198500065
251655523
264478183
450497
2501462
256609
260972
539624
733488
802371
1051187
274834
603110
637876
646214
348848
767487
266562
1000193
1047644
1205701
1427346
2253856
34126
7004619
2100485
2335094
275153
5362587
31745215
32467274
55783291
63131452
132217647
248297907
4437291
4102329
282726
408979
2145242
768925
522996
181152086
291110
4489476
320532234
294866
770902
241850897
429251563
772004
1358532
3578558
2474146
296853
281880
1458478
1200810
13826150
470283
470127
913767
81964090
304565
5933121
760590
6116183
78407451
309123
316822
1753962
2598447
50328
617116
3504007
1498165
330094
1370774
484792
3890876
6858415
97512098
218136
566529
641177
1079661
1352378
2801710
3771993
4110445
6897465
6952996
24777194
28633606
35754973
147654654
269804447
564379
1048133
1562633
4561041
57790777
570459
782257
970447
1138220
5151085
23295281
343132
349944
655268
699318
957335
1035530
1108019
1109325
1173501
1285634
1915716
29950736
1317446
589277
41372811
207249564
349074
3325989
783212
2057161
3695899
6703464
7363164
351033
49074357
6816596
3803952
5308155
7432535
19386920
356077
48828694
367371
382521
273904732
306685457
440762789
450992
582045837
159990109
471745
103043916
93069073
892547
93107040
93845072
1144839
231006514
94743574
10913893
60624743
95015208
5346476
8490302
23886685
48505374
137070403
189573686
52769708
96309519
56208569
56840013
2631
5742
6251
97820449
377544425
6159638
97236887
97570520
32448
686555
145353067
11167542
98796154
186112419
966441
465195308
506006503
118914
530523
584390
2445364
3115452
212783200
44013
100203190
468654
477852
129050056
100608880
1751815
134975303
101253978
4908803
55163
101284243
40262898
101397144
101851872
141799
102272391
60055194
1679382
103166623
39239585
441027
104493126
445778
453822
4269254
105558928
587875
105526606
15929397
700446
115567841
2141683
233915640
3881142
147642305
226051477
4143643
109344943
2610155
109852771
4650609
4575368
110597777
223071528
4575968
224873497
226193434
4678165
111221371
112122354
5013777
97451770
135352375
5781736
138265076
139470757
7906541
325300
112585438
7529
895922
232458606
203743841
115535376
94009
921590
1397798
1091042
116372180
1098949
1128144
282983019
1134164
187743438
366759669
118288287
1244860
1306952
1370917
62077616
1403397
119920644
1631944
2054915
120619539
52955449
2903022
121634672
251279524
2988441
122126665
3278028
3300569
482973496
123657837
3346605
3457010
125006053
3466346
124644456
183898489
4182547
125075648
126421386
8754888
34381072
252826539
12623915
16546532
53576250
18029216
34021222
7536178
370557328
186331782
33679547
242710
279860
134101703
221802375
136894180
5512088
13370
133344673
135328655
261739
24197228
200865746
68219
466233282
134150648
871758
169407315
179900760
394567
94708
134895344
8602837
214385
21773209
20595
95927720
172985773
101675
178412213
219165125
249086
299395285
343215205
319791
382154810
500324785
97705
135082975
135079731
122563
177912491
135586466
620208
285763910
77480722
3973393
136082184
213541422
6413233
571520524
136245418
9540
427565566
136199309
50935
12761718
137495733
804207
137483957
78196723
78588
154228240
139080206
743129
1021555
193966593
1383796
437764
140377214
2550850
8640
2964402
2465565
140428447
1667239
153535
49030665
586016
37597190
208476140
3831728
11027712
16943224
38723062
434881883
294743794
283328603
1929049
11178268
1943371
7533465
8097818
3326301
62058769
1952715
5381683
21765643
176235113
62233621
1965802
568193
1961535
30691242
520549611
22591508
487655842
1979697
139398065
1987393
50087754
895162
3556070
233432788
268765564
273394194
59909352
522073861
563886417
2002641
11215628
51190211
3226515
504738674
5917191
7229918
75016846
209681732
112702450
121444862
2018610
547947227
2071743
2039107
107973002
158288589
6563914
148157321
293421800
300286151
415629974
5685446
2082050
1397646
573359182
591605881
2657810
2692280
6342508
16473670
39418294
40768254
92839148
6318370
169912779
321050423
343832064
350807515
359881644
361065651
76552457
388051158
393721250
475088010
502391797
527830091
539240476
554977491
579294979
586651689
594860366
203525390
2086274
5976056
2208216
300533308
305356120
2106626
2305468
2105780
2137217
124113678
229573680
2137662
9013211
2146999
29449927
2159435
1217800
3933777
17088976
46108220
3505794
9358381
17838045
248361682
20491385
2163037
1849273
4067273
197837684
2167857
1060996
11854390
182713909
238424004
539343658
13719509
84206996
217935503
366496410
2181567
53037222
3443171
50856109
1113002
24717723
63109243
172887024
87875480
118372565
3651143
5354320
73097780
263889188
564041224
1797068
254993600
235077854
375683164
2248007
102060536
2253972
321908041
435357448
2254381
6524188
2261162
23163556
4455938
65050603
2383226
2425111
4881400
18188390
2265467
31350832
222639360
2265918
11778423
2290017
17599375
3121494
267334190
2365957
2300831
203818107
493198
1658707
2304626
5583761
2575400
225542825
47954016
76358134
31565202
4415569
354278881
800062
1550346
1588282
17025570
297902946
13644659
392596757
1946082
6234338
32613371
1454465
1574854
2205705
2340346
2401709
3103154
438040345
3208085
5208548
5281241
6766168
9062571
106859127
1270729
30383996
979799
7026814
7856646
252742309
507566085
790999
6043964
49386432
2953967
100826610
811920
12683053
827616
813353
1696230
539394320
2596259
3533057
839205
35314362
839455
150562294
855665
1242547
1554844
2228494
17199508
3688027
7464656
7896019
844765
854607
222686837
856079
877290
4222856
52028479
877000
863591
872232
1969331
2402706
55817073
887565
1959261
2253657
205619476
349482193
469745
1695972
3058485
52360422
140898581
890113
899094
1396348
1442525
168807163
3117789
3258816
5318971
5530388
161590490
216951
1202094
919874
1513351
3246849
8809437
374362
922954
1152676
1726466
2244684
2373102
2911413
2938013
5314530
7979640
414284417
8250584
901032
2066673
188165584
251383000
910963
1835967
3023277
22875457
23640242
146908661
426297755
432903488
1171338
4207919
913927
87525
781630
74106838
914390
3606608
916460
20009871
173942378
1013157
2880357
3608707
6131836
1293484
3958626
4392535
17586356
3344100
1095801
1075488
15461463
31745829
931774
153854
1763334
2279788
657079
3123324
4774961
926932
851975
1914525
931813
25332546
934368
1171647
938338
32200692
1500506
2101387
49439112
70663485
187332266
2208813
940914
1101615
1214540
2589330
6569220
9112393
19031382
212911745
951885
2926915
942726
1106854
43021457
954176
390058550
177076135
19837666
15196399
362754931
9193878
21289268
5904431
21388136
22842014
71127705
137359611
228748426
275269670
368296554
484775121
164149180
158609343
16432916
55368510
55541110
47442323
6798376
324726940
132040626
18467144
29682820
39446525
37173954
453065098
50618413
22662770
160624288
6920698
165109839
214610456
425185927
1607131
547406163
139438923
108725486
119533235
227923755
76454
682361
295003
384218
425200
593759
640820
860875
1015007
1057998
1073109
1192326
1279504
1396258
1577961
2002399
3448739
15095087
479435080
641185
256749
1354423
6552799
11708234
331466
1113833
12852260
205076
1922640
35189623
491953
152016
463097
463609
896113
1335468
2582355
26081510
5931000
25852426
588902
87881
175910
677129
1518010
51096328
30166
121047
3255020
308416709
5745334
8498344
14439069
23883712
37853005
46574360
48571872
51660303
79517210
87839451
133740305
149374485
200330320
200770625
206866891
970857
1489561
2017210
5328788
22052542
6858371
394564
1275294
2693345
202109
680396
1562317
100628
181484
1541041
6239891
24623835
556344329
684803
2477326
49511361
534325
3165695
5739358
7227186
13251003
15887010
16337487
17895248
7702346
9308963
88294985
355775
368399
1086335
85852352
193378
1443388
690329
8804631
180944
802739
921614
1325420
1674448
7239647
13713354
15358506
53458889
221879278
109811
1000643
798702
7829908
531831
372506
204748774
1315341
898171
1353789
1730362
4643642
7580575
19246967
34094379
44176876
56029684
138081922
146458631
156801904
176920866
251154180
558514523
543559
617016
1521555
4186987
19119950
1951821
533301
1052321
783530
1750628
118943
1166343
16931260
22608018
102039140
249231161
231369163
539119
527747
1985648
2586162
2897993
37616915
51101228
75347718
124591914
240519308
242200202
395501124
505242146
562448223
566824129
594343590
38818464
29715459
151681852
168879314
218925575
253005098
255038526
301497410
316950834
339664550
340352532
378082051
422523444
451221683
457138333
460265605
487271441
507286813
535837425
7579711
107790116
182260766
199932959
539376355
129442344
7583472
1208290
150944142
367850246
222024282
365144058
5711354
185550737
11158600
28677746
368352295
371083395
427434456
51387644
8524632
205685176
223442109
253784814
65726355
72021747
81966681
104841898
137719875
162635415
251418712
12289037
3439157
8127260
8683036
13021603
18315546
19080775
8204083
8291532
409013185
188883303
16014231
16506913
128245425
93203464
8348137
8417108
15949626
93367786
97157630
8465706
14411985
48520496
79561185
130820513
136139613
143938767
8519842
16866831
8638858
30672478
8712894
77830921
281577579
445474278
34940473
71837643
74523694
81708683
82159159
224261107
3895538
100130792
12289821
48143498
151915048
8893788
9579006
8819165
136231099
136648388
137528912
8973985
2204920
9054915
153097675
9083075
7965178
9238613
56221463
9399682
9361038
9569070
9651926
139515332
9793107
141868030
146568945
168583014
188628551
253741399
381640043
521940713
535569634
10171044
572874
5910094
99873897
40596275
106559571
143708536
10038566
155392004
29175419
211075692
307113207
339070181
10403884
237355236
335346574
38554496
10434305
209902745
10611685
166188383
10756084
10774387
10915691
11355501
442422
131578198
137151521
11231124
18340044
11452371
284033708
1173668
1212606
5051584
17954442
62408529
267393247
565
726
995
1113
1118
1139
1144
1252
1394
1486
1792
2731
3022
3368
3422
3461
3685
3747
3763
4150
4312
4318
4725
4761
4799
4803
5245
5405
5448
5733
5760
5770
5846
5884
5945
5954
5957
6270
6496
7967
8512
8704
9841
13780
14047
17219
17326
21357
21785
22351
29142
30851
34777
34894
35774
41525
42816
43003
43035
47795
48376
49784
55648
56161
58377
58767
62107
62383
73642
76608
79133
88060
89827
90070
97411
103684
109353
115965
117786
143524
167559
170179
204896
207414
207549
280743
291167
297118
319843
348717
372523
378781
591282
1483799
1545843
1840044
6299343
12500785
903
1624
2296
2696
2728
3653
5460
9008
13636
15032
28584
32728
35524
39558
41690
46662
46664
48642
50069
57410
60427
65484
68528
72058
75095
94022
107587
110370
117462
167024
184027
195741
556845
560429
2492718
5179454
21080273
21377054
41237029
80466451
90080249
533
1278
3210
4167
4893
4947
5121
7007
8357
8507
9216
9885
9995
11685
11816
14769
22729
25098
39296
39599
53860
55372
55843
63997
141395778
200279571
141474364
142118186
144529815
142849602
42274593
145240220
131791875
382219339
145286495
193390795
273900967
146007727
322640507
147231824
225015994
140316277
147392955
147868806
148925634
151696969
150627353
151498530
241841
18257111
26793507
238622764
506798351
152257167
660622
244763473
153698905
153768327
154420134
585120091
154599424
188729710
156036985
980561
410647716
533559666
156844762
157575679
3487522
2786573
157733847
158411248
158869527
561492010
158906413
205107546
160911058
19068182
2134246
430868769
160144608
169405345
164820203
237802852
226977951
160916564
101857225
175617239
332364288
494276079
296995146
297192347
162170627
39584312
170166484
352136452
372307249
445288962
12487756
4575196
162305266
162879238
227477702
243857857
168729975
113348853
236611309
433884876
325023708
562048229
164638933
16011381
145894797
192249678
165646676
226549079
165992740
166657498
167566675
445296904
383598556
419044030
167704221
11055237
330011470
152638928
170203832
112251702
170390622
170929153
171055207
25160196
123512940
171161221
268059126
171348493
171357181
171448052
223818948
171687729
224682122
54109687
173272328
173241643
16420623
173498559
520729603
173764221
176572972
345469941
174017900
200884715
225471033
174616683
175026976
292225524
369605828
175044481
176061267
176071649
279869940
176086735
414285878
176641052
178263352
244143277
192543352
62907304
90070929
495282
22183365
32581158
5741250
237036573
16626
87955
383346
1283907
51387912
150553721
16092
53605
182404693
548276
787314
1575200
97889822
122684351
1225626
1755092
2136531
38594218
10829
158545
964078
318406
406812
443448
443946
1229329
461445
518152
914279
1504785
2429838
3137919
5162969
5525582
14223798
17744301
98824783
19110268
35817192
36851367
49019665
135847015
9924
178414
509840
847051
958898
126134
975740
1056854
1589049
2078700
2151163
4794834
565528
6438654
101344128
1169068
1632852
38834
287539
316695
462170
463978
502486
140759
525354
1532338
8050499
8475690
182732
212093
506200
711278
1021749
1858473
2407525
12474139
12861420
13940890
824890
19945858
22724828
27625245
437162799
547151
1486196
1504111
1672761
3354588
6675758
3694963
7559812
8661988
9582001
20015073
21187163
29032904
72441444
5827691
137230653
145500033
198171911
3245
204645074
210624716
216913452
892700
33449
59317
65829
5863
76245
87794
104743
113960
152871
156219
213694
223019
223874
225947
270950
378430
380957
387862
406099
416704
524971
726452
734551
468646887
192005
37121
116063
140388
295141
354971
371640
508947
523238
557556
65806
691545
698752
798957
75826
812666
993739
1095310
1143235
1254773
1450787
1509516
1528158
1639628
1759772
1833019
3765789
6742711
7033738
8908779
499734
1970624
233395
395487
402061
214982
498431
561220
1124754
1153292
65965308
84902988
227827
1870509
1927100
2410280
383752
505433
560456
50601
5446628
137155705
40022
107095
269743
336737
419892
462561
1032586
1801018
278068
2177689
954313
669094
1527940
2341548
734777
1194344
6257261
6274050
7852184
9544477
26691754
957326
80571903
957401
1173335
133394184
18935890
965390
1230038
966667
1665306
4484953
1513596
1593400
6067933
972560
637932
2015769
2413525
2636145
12102522
24069514
55784471
97085752
115507599
2197558
3817773
9110683
16047
1079348
1128805
20216275
17691
978942
2303746
975771
1827409
2344220
153986749
6702184
24120
119777711
980608
18110719
1130808
331246747
992473
52323984
108143967
8620563
1549019
1637595
7178803
14908973
26904912
170967346
1205285
1022641
3458038
21411516
547091447
1141514
1142726
2660452
4245016
409410
6913349
45214435
1023101
1470447
4502082
2348644
1029939
2637768
2225846
4125023
515721
12816809
15264826
1031354
1297496
3221202
340381
7543304
604946
9081679
53931370
256807368
694845
467833808
1034781
1431035
3902415
59774306
935627
2266504
8875069
12164806
9797802
1056543
1067103
59324466
262842640
1072893
133718683
254574634
13676978
1085857
1095575
11527253
252543526
1698020
1111324
2711657
4271584
3889561
8253017
5885752
1555303
1129593
3735159
532859478
2453266
2791673
3815713
1188328
25141414
934608
39431432
1140610
1602785
54620855
214301142
1149725
20754700
1154014
7944767
10127337
61381700
2682621
3713406
6520811
91463019
97557114
5243642
16084189
1864263
41835280
4272435
15359251
5885924
1535896
1566090
5882170
140544097
3393219
1501434
4312506
1186428
10244707
28545191
28877095
35029793
35931771
4502
38933117
40478140
10253233
29769138
132567566
345627175
504973660
2375096
181382772
45406
3674929
2378454
2716517
145003131
184183741
2702997
4490799
4590259
126109158
6334069
82991
2410497
12723509
2829419
219161431
14133126
2424669
4767372
275877345
2444199
8894597
366477
2432796
2451183
326194468
4685306
2451291
2451446
9819308
2472049
395171638
5066943
3971130
2474806
14870910
430071
2487666
715311
4703389
5372695
197618534
4262425
5125054
453863
157043892
2514760
36069202
1640774
3656826
3944172
21452089
2502452
386299124
25755980
504000
3162480
8103747
8286507
23382119
34701643
53165914
57298775
57399615
64003557
569736
68745909
86636734
86819615
3005745
4703555
10764957
429420698
44692752
357216368
455362375
1147722
531811239
559080649
2540562
2318791
2545971
3032387
2564028
326468183
200876238
2306493
2570609
138889778
1584200
193518898
325068080
352829
4070738
2188786
41750212
2607613
3230153
1415095
3467351
2661969
327362270
506393732
133521599
3420327
2912274
82648804
2702488
146430279
226091311
2707053
321906897
5129494
2764340
4891733
209930166
2239957
91784704
2757534
46274577
19888928
10823694
8791347
10625647
1762178
2716902
2790953
2417694
2804629
65758066
10936166
8817341
2834619
193484363
232819233
2861801
2911225
8841394
165006493
2886043
4503301
189809855
28755723
5562688
2918662
535440
151313085
2911250
13186380
165885989
1677787
66264776
82567903
987002
1528512
170626161
181636
2971191
47281339
487312137
5337842
7630352
33915671
1889926
2693945
44508774
542181300
367432
2976988
944100
1408395
3900371
199482708
3006501
330685263
3026625
411432
864924
1134104
4456796
22696222
60739679
13674
15890
1175176
3606961
5008395
243657404
102841
781477
1292412
1409539
1501862
1568451
1675907
3351305
7109311
16876558
18087600
101324020
295811
339315
489148
579624
1529281
119077
1353564
204650477
1196423
165660
322306
423818
1024182
1403645
1541449
1559014
1835723
1940423
1947814
2036749
2197899
2263217
2465788
2559236
3200446
3412232
4450311
4786585
4855997
5709731
5858840
5879102
6694338
7369500
7984202
8298941
8551187
9287196
10002271
10527602
15743995
20273363
24418599
25333736
26139764
26552123
27754923
32000941
36950783
42456680
44293581
48224663
50367295
51172100
51424733
54093513
58663638
64589973
85217064
93547789
105555784
113595155
115812909
138946499
139305057
152135237
159710220
184839710
192627218
206783481
224454609
225164398
228197620
243357365
266059162
270359280
270413743
284369798
293202555
325814423
339139859
345815221
438338671
445981408
457840830
484870357
590990448
1461926
123454
523177
618223
125613
142430
359278
1703468
2275461
2303674
9845322
11439301
16915758
24537285
30331926
47885195
52751881
68744619
69125097
72457401
73197364
87854035
93298445
100921849
110524586
123629256
134667592
138587968
184656728
194297801
227396482
235217510
323581651
332802222
377696078
386556654
389694839
395309889
442430870
511989100
128926
12544168
1026212
134341
815294
1003803
10188963
205191
492823
508184
755796
1254580
1274541
1327458
1367433
1441516
1546808
1621248
1632098
1691542
1884264
1941485
1946951
1980871
2009262
2162329
2404246
2481697
67372
82682
105520
109489
120424
129094
133883
162447
166757
177448
193532
248121
262245
362810
383001
436454
461084
528222
628872
758515
1269456
2165161
2258473
2275823
27047515
39760124
51209586
1095
911
1611
20875
21723
27121
55397
90692
94893
113332
113704
179333
186781
200786
364614
382620
429860
448194
465227
530339
542131
652834
1497272
2936038
2594836
1117
1213
2694
2447
2745
3736
3793
3888
4517
5362
7147
7314
7337
7659
7685
7742
7777
7934
7998
8000
8129
8153
8705
8781
8944
9331
9741
11161
12935
13689
20926
21817
26433
35450
36568
39769
40702
42904
43267
51663
58412
58931
79672
81102
94192
103061
109075
137789
140979
142748
199175
204499
211614
251237
285320
23841517
329842
338747
353707
364382
30810047
370229
383780
394767
411269
427127
432895
520414
523322
543927
552063
557314
577053
598002
786190
853928
985727
1002578
1386567
1441165
2978339
3318184
5356156
8683640
15582840
15793630
20801840
21378649
38928336
61391275
94202630
99374843
109177106
195631501
263057949
1110
1119
1127
1405
1860
2645
2707
3259
5671
5685
5709
5992
6090
7202
7438
8331
8483
10547
11427
20271
22101
24067
40212
49290
74003
89084
3437559
7429530
73211974
222422
428804
597719
798457
1463892
335210312
1500336
1809306
9062926
21211217
43625549
4460770
369931
1508819
372826
133674817
1568781
985988
2114838
1219484
1964427
3693517
6033051
6332221
10875064
18322105
19526191
377004
156372889
49313710
380538
399924
24946012
441990965
189787604
335027883
368666961
3126658
837264
878302
736862
894814
398460
57520474
5371786
5863580
6026826
6136751
12838323
328141398
2038750
134966045
619634
81928866
886214
118717693
5637116
914247
3879652
4272765
6105289
7257937
10472147
16951490
32426100
44567317
48019259
66357900
70678073
5323007
93734922
106951645
109832264
116306110
155837017
164427669
175030288
175504617
198638018
207123768
6258791
214454805
224505053
241126105
259235154
307061794
355622562
429300882
435631739
2046917
2485090
8299251
2941347
3020070
6249014
84565008
258327059
2527717
15945476
659420
2469375
5242081
41630
8663259
235634717
490777473
400838
1741252
2420414
2920103
48113
3941362
59897380
85496521
59607
96411293
406280
79397709
930100
2339495
577480
407993
29761227
134047366
620351
882185
985870
1056364
1244962
1887218
2250431
2265251
2274077
2282324
2893730
3060575
918664
3448530
3485158
12946456
13961405
44130190
332949899
576528433
975425
1558320
21346577
931820
61410
1960058
2461992
204959678
417798
490903
33622075
937549
34370156
251555053
1077313
431126
23126814
1392406
2293536
4767522
17141578
83330935
174065059
236276755
5679456
244285937
923080
1742321
3912374
5418909
49730750
121803449
178411404
1038752
1326551
21115578
1165876
1121555
1402540
338002171
439824
47936838
2562329
4607671
12324767
12139570
12009363
341365258
13261682
12332967
105667582
12667192
372288703
162859079
83861
144864
636852
719438
152326642
397027142
12914155
13385075
100831496
137659832
456581916
139453711
11024929
13626132
995751
164225093
267594956
57179347
26740307
14172103
40957964
234213
14165223
14702667
14754246
3974410
39481657
15148394
87954121
133319704
135660326
139034439
140238695
144074642
144196258
16522194
288655241
15420572
39866926
15759806
29583643
16263350
37518424
17175242
500056155
185001272
758360
16871747
172227393
17298867
129132900
248714210
244093088
332419163
17355155
10849994
140402477
150983829
226958675
18235505
27312723
304985114
560544561
18440254
34370289
60068097
71810963
83862687
88496860
88809804
38611680
24798473
28750023
70957120
142367428
143556160
18670260
19149917
407944883
27097296
50943887
146185097
360627860
420403096
537170424
19121689
6923685
273105099
17722499
23118088
39186589
71485901
28901030
245297177
19525030
12559806
263553497
318768082
505146477
42097571
19920629
35382773
6440
112257613
565977407
144513698
263188129
60151925
145161455
440613167
20040085
95614904
145157781
55681
160931851
235452632
254350168
269749326
417877759
42202606
61502
48056968
62141753
213860443
64060
220090470
509216632
283227231
153114352
44723266
981612
359939579
20753372
991363
140734
82356643
187207391
5475162
21208675
50164494
66648098
6504092
61693029
70824270
71580191
351772
94539748
95849916
108875903
126180557
153327507
157013106
180326500
470647
71410
378858
313017509
454581
33790511
313424280
228
59992
314465828
773334
1508815
1845668
20304
33482
39728
840707
321506360
995078
323633822
331070665
221493415
348900792
357463461
413668639
175918637
368353069
178383678
179024095
393802968
72529276
180034779
181005653
477273377
132244779
170570973
183151919
384051983
248668150
382840545
418690100
183713583
38059125
183533870
237597770
183968780
385627042
8067581
186726359
186262365
187612917
190721307
210939197
220258950
385697306
234821420
190615189
126785769
190733228
191271589
232195217
86727916
191528666
393964500
191807862
324663386
192512119
195482102
184719279
444509980
191911804
192610525
473337021
208907526
241381789
380310422
201405717
194163826
387264138
195212640
195627563
195640015
196236520
405406127
196360345
196449190
251680112
351257602
542238226
197630881
538777931
198517716
198734311
207793488
64243854
198743837
198755155
201222820
199050600
199070404
296801304
199493122
407602940
194392941
49482493
200534989
242821246
53599093
301097082
200789981
200885815
201895372
202565046
202893888
203200970
4549450
483533787
203896170
117531305
204096657
204105852
205286506
222825289
206190733
214081887
143688864
301236668
206600965
206890893
207259001
208244035
67284700
208877736
392129761
507460779
83164357
247064990
209329708
209753330
172091599
290915292
210164031
217445890
210235599
211402764
210859372
212030691
173017534
212039251
248815725
212955890
213266041
214092789
213849001
151668481
550941981
214812422
75181096
215239705
215477540
215718665
216257331
22089043
216865814
217028366
245396217
217046927
217352281
35738804
43605412
80883558
145327230
168040660
11646
138685964
169070865
406256595
1898069
2688419
5615944
10043328
671205
2146623
2448931
2848770
3133429
13767351
18593786
133293563
43441
58922
123629
302966
411644749
1059679
192575
6640055
16203797
178365
18215
1245017
113557
1125949
27188946
1316521
6535192
7868404
12560124
12627876
13848931
20263785
25083321
26802847
33742014
36279748
52760951
67447327
161523000
169539020
205949713
211929533
271061482
274631012
477955551
483384954
564026685
580865057
217371
1885927
38718189
93967372
65472
214840
328027
406102
432493
468685
630280
788596
890293
908071
1170143
1204570
1269211
1280921
1348398
1455040
1489631
1653268
1684915
1917274
2059261
2288089
2347392
2351840
2929402
3087280
3392308
3441170
3614550
3691117
6573989
7807267
183646676
188041084
302572
2498251
54020
73833
76255
482756
2410631
19336454
22593527
18331
592806
22260
591398
617822
876317
2058455
3036568
4658930
81819
427686
1183038
1388839
1549833
3100561
4044482
8418673
8921958
11073301
12919340
17784496
18362012
24296771
31318791
33979484
36101917
38481243
40607180
55260491
67462538
92184041
116386035
182395053
203602365
226190413
229666199
269078991
273802700
278350130
278722854
282261753
284213853
287403523
297508828
322598672
324724314
326350262
340019888
342911319
346785616
357257419
373926324
382222389
390198653
409585486
443303541
509219151
514259164
515575303
520863552
526427766
528034601
535437000
