257827389
207023863



259234982
312285649



185172994
261910005



267867118
18819698



272793100
322620935
270414423
270907766
271600766
270911040
270909386
270912508
271478344
272795016
271602675
271599915
271599365
271602088
268217380
272789026
266331400
516256066



270741229
171785683



270411271
270413332
271558964



272789697
286897569



5090032
318498190



261835515
266036234
277030155



156036985
279249568
57608934
1783157
1205285



281336546
14603958



360185686
292673412



264049542
295179438



300400432
297347755



1762226
61904391
301492852



372826
156372889



377004
24946012



380538
837264
878302



27060873
112122354



4041114
399924
1530981
126109650
1596113
282245894
1741252
3941362
59897380
85496521
96411293



79397709
400838



2070817
577480
620351
985870
406812
1056364
1244962
1887218
2250431
2594836
3060575
3448530
3485158
44130190
332949899
576528433
1182206
116377311
1509348



1402540
338002171



175910
76454
677129
216337



3020070
6249014
84565008
394564



87881
1541041
556344329



29858523
22608018



109811
3843342
102039140



2731
3022
2744036
3368
3461
1323467
33220323
233914944
3763
49372895
4725
8465706
370557328
10052234
224261107
9579006
504858
1242903
1556824
2315078
3108997
9083075
5201300
8784068
8857392
19872554
38500343
88053209
5954
6496
401807745
76061117
433567994
87574
294364
374537
383375
407827
650412
6492
1520831
1622357
2258473
5246316
5772
45769
100816
317025
399013
399256
415640
433591
4732419
687821
725700
959803
1882155
1095
1342717
1404140
1465974
1734069
2079629
2156724
3281409
3340072
3767499
3920404
285276
11163651
16698400
3915526
26950503
4504152
132972957
5302959
15629834
11763978
650743
689156
879063
50329040
1642795
1798190
114862
119560
179784
442421
84911534
2050930
2555618
88201338
23357286
65962547
359137
15880725
150564
230307
382521
450992
471745
1144839
10913893
56208569
1927100
2410280
243657404
151498530
13531251
170179
115061822
671205
2146623
2448931
2848770
3133429
13767351
18593786
133293563
207549
450497
2745
2501462
322306
192575
280743
178365
1940423
1947814
1125949
2197899
2263217
2465788
275153
55783291
20273363
1885927
2145242
93967372
591282
51424733
1483799
1489631
470283
2059261
81964090
39431432
3614550
1370774
1461926
97512098
22593527
359278
1703468
2303674
11439301
6203459
178263352
41372811
356077
2009262
48828694
4685306
188817225
985988
1219484
1964427
6026653
67259216
12838323
236428961
706283
41750212
199175
28042547
2527717
15945476
10823694
2861801
975425
1558320
2976988
417798
251555053
1077313
23126814
1392406
2293536
4767522
38480997
30383996
1270729
56840013
1394
436454
2631
461084
528222
6251
23069500
690331
686555
2669306
6159638
11167542
2165161
2275823
3747
3422
4150
4312
5155743
1482384
3685
4318
4761
4799
44013
468654
477852
4803
1751815
5405
5448
5733
5760
5245
5770
5884
2497186
1595274
628853
2265669
5957
2727343
222422
5945
7967
453822
445778
8704
9841
597719
700446
798457
8512
17219
1500336
14047
1508819
2114838
21357
2141683
22351
1213
3881142
2694
3736
4575368
4575968
3888
3373914
2338269
2639290
5013777
43035
5323007
47795
6258791
48376
49784
55648
43003
56161
58377
62107
62383
8781
76608
79133
88060
89827
90070
97411
103684
4193634
109353
115965
26433
117786
143524
35450
1817186
3768
1515525
207414
5106
2117243
51663
291167
58412
297118
79672
319843
348717
372523
15745
94192
103061
760208
137789
140979
55047
142748
6299343
66559
1840044
1414003
211614
251237
285320
204499
329842
279860
338747
3653
1986579
364382
370229
242710
4298762
411269
6022959
427127
432895
394767
520414
15910865
543927
552063
557314
577053
50069
598002
786190
985727
481
1002578
1386567
1441165
2978339
47442323
5356156
8683640
228
21378649
394196
560429
61391275
21080273
9540
1508815
195631501
3597
1845668
533
1119
1110
6413
1405
4167
1127
2645
1860
2707
3259
5671
5685
9216
5992
2950670
7202
175092
6090
8331
238683
1595862
25098
11427
17893853
33482
22101
471780
24067
55843
49290
40212
49518
66129
743129
5051584
92079
142717
2465565
267393247
181306
189669
162447
220344
995
1113
1151211
193532
15308305
248121
92363349
362810
100911060
1118
1144
1252
1139
126134
2156056
55038
565528
708659
320471
140759
449059
893912
3694963
26740307
5827691
4789441
5863
2303746
37552
75826
8597164
91320
104645
214982
364658
383752
12876
50601
115567841
1201151
287070
230659
432722
7438
111251
34483
3282751
107095
114877
319318123
269743
317766
20709375
336737
377261
2688936
419892
424811
10547
554173
1032586
1540295
12932
391222
51269035
44126
6257261
137733
137266
302876
3646393
34204435
39144031
5836
208760413
17691
24120
109381
143491
152061
3505794
409410
123657837
493135
515721
604946
694845
262842640
739664
892314
1572707
3815713
6312355
217935503
20754700
24169368
24815271
41835280
140544097
2316689
1174223
30029
45406
2228436
2260814
2708554
6548042
3531396
410484
366477
420314
430071
4818409
453863
9348149
934608
499736
522234
25890317
569736
574405
27867717
45429238
2318791
87753970
2397858
109031506
521010
3230153
1522083
4873676
1803495
5334671
13717005
535440
5243642
13366200
181636
16084189
300172
367432
1728592
2926007
410707
411432
447070
864924
37952
1134104
169350926
5475162
1986371
1658707
22696222
6157
60739679
47954016
370439
390284
504650
2832818
1175176
3606961
17323710
2506515
723964
2735970
666191
312935027
633223
1322487
1166147
2780616
2282550
25903098
77838905
259493882
42414300
373198
981382
460617139
64511
364050
355568
500233
432993
1233660
500460
1549241
2162552
1554822
194750333
2767
3646
3915
3962
521249845
495282
22183365
5768
5862
6317
4163
54598
56944
74334
94121
261536
182404693
365885
787314
1575200
376637
562708
1225626
1032797
2144888
1755092
2136531
641185
3668887
2961866
158545
318406
2155769
443448
331466
443946
461445
518152
1922640
205076
57973
2429838
39924
73121
5162969
5525582
14223798
1419776
2164040
19110268
2347840
49019665
16742904
9397930
20507016
45756983
12770
300944
330985
355096
650837
724927
190968
1169068
361426414
33865
86561
91780
462170
409404
502486
2354942
1335112
2744635
3053472
525354
3727825
4462005
182732
15607317
506200
18310822
32162052
1858473
2407525
19945858
22724828
27625245
437162799
74614
547151
37330
83117
534325
5739358
15887010
16337487
355775
368399
103081
233319
213266041
464487
798702
7829908
372506
1218767
1876544
75791
119121
124657
250357
292604
877691
251154180
1320705
4186987
3084297
1951821
533301
25064355
1759772
6715
8908779
233395
395487
249231161
402061
527747
498431
561220
2586162
1124754
2897993
1153292
1979697
84902988
7026814
121948
181466
377651
499955
617271
1141520
396074
991660
12188772
518299
5055464
2093154
777992
949976
56161398
1543457
1996000
2172313
9673948
12609804
20742618
49729644
49743022
3932484
1642069
991363
1230038
1792



6823480
690329



5692707
2451446



2474806
3366726
4703389
5372695



193518898
2570609



2707053
4891733



4011619
5562688
2886043



13186380
2911225



2911250
165885989



47281339
33126798
32581158



2941347
1275294
4110445
33915671



44508774
2971191



3026625
3431050



3314029
3043669



5371786
254993600
156291087



299034253
4271584
354278881
368909093
392596757
3651143
431493170
73097780
442990485
507566085
55277689
543056136
5546202
21773209
154599424
95927720
172985773
178412213
219165125
504903221
1509277
382154810
500324785
482434366
383043498
2134246
272035623
633720
183990200
451940911
6960304
2060013
380310422
101101057
159250955
160799040
134553764
167105461
1031354
325820549
188822155
207634555
329751694
351238679
213178191
212093
258245305
258270429
261978624
270085149



2239957
3398253
5859849



205949713
5858413
207975022



5926827
32200692
8835499



177076135
192543352
6143188



6196273
19837666



6239891
15196399



6274050
9193878
591286807
6274619
21289268
2066673



5904431
6288051



6432609
158609343



16432916
112677484
55368510



6562499
324726940



132040626
221779993
64431958
6640055



160624288
6866304
226977951



178114798
6920698
165109839



75181096
214610456
20362113



6928515
425185927



10764957
7223953



8052682
221821499
506798351
374808139
1705764
191823843
184719279
444509980
533559666
410647716
264478183
98929641
162895081
251418712
44903902
477637311
430868769
196360345
321629018
101857225
538777931
182883936
39584312
450179046
352136452
372307249
445288962
3591622
125082989
166867901
167212840
186058074
221801787
255942853
263265117
292264381
304997889
343138191
347365924
352085700
166657498
358354216
362306768
365126459
377511586
1562317
424397339
448612364
461647398
498274428
457138333
520459533
2850768
206600965
67284700
289777256
140888483
182195652
410217461
10038566
155392004
54615181
274429555
161156524
249528090
4038448
11355501
146614239
244143277
246201678
277743580
173027189
480423240
184189446
408105842
515575303
1775352
60699514
186112419
465195308
506006503
2343367
212499514
213236318
438040345
494478039
218711302
219938102
223957365
197618534
225532262
225634323
434466230
176684916
203568826
256532612
255640199
23807587
332419163
502391797
292605387
297747674
258345727
291743545
310597027
313746561
276215348
284668331
325283565
18440254
326468183
153214383
334224369
289192327
362754931
360317146
361723009
6342255
251383000
26614769
91872011
146430279
226091311
368296554
19525030
249321631
155690681
244449181
297770699
307165294
344214606
385158741
390700704
175918637
401941063
455605603
554268092
417877759
492454139
1555421
137483957
308375404
267334190
586786273
207971556
95849916
954313
29769138
132567566
359134959
345627175
504973660
213105618
151681852
236276755
156020143
218925575
80571903
216800595
254643490
316950834
340352532
177787443
225186254
422523444
229573680
237158765
310840200
248361682
287232893
140316277
318014441



158411248
561492010



205107546
158869527



19068182
158906413



154228240
164820203
160571564
237802852



160916564
160911058
494276079



186331782
175617239
332364288



162305266
243857857
6806112



227477702
268030950



11055237
167566675



170166484
112251702



170390622
282739023



297724994
304847030
287625838
171055207



25160196
250224611
170929153



297982608
268059126



171357181
223818948



171687729
224682122



173272328
520729603
872338



173764221
192249678



173498559
176572972



120195642
103166623
176071649
921614
15052431
901032
247061088



176061267
17572749
279869940



1240855
176641052
53458889
1409539



178261559
179024095
393802968



181005653
132244779
170570973
191271589
196236520



38059125
183151919



4926456
565773117
6162416
107790116
2489761
102841
756441
55084513
593849930
4800557
7109311
3823866
590328814
591048878
16491268
585120091
1396258
223704896
525136660
387264138
637876
183008048
13848931
20263785
494497425
198102209
525236324
33742014
268030778
353545786
438384769
459890
539962204
477955551
483384954
564026685
1990740
580865057
2082528
66644801
126919653
312797934
32141982
136139613
407944883
231890859
291110
200885815
770902
241850897
429251563
8997757
181484
406188975
8727139
3211052
153097675
4557587
3576866
460265605
9361038
123512940
590990448
171448052
381640043
521940713
535569634
31372496
7239647
47885195
673357
559870299
69125097
55431375
10395263
377696078
386556654
389694839
511989100
14472063
517977764
341365258
689564
58094435
755796
482482
715840
11807357
177774405
3556070
233432788
432152351
268765564
273394194
2079162
522073861
563886417
367371
542724782
599317277
572997438
458970
1575733
1992925
7475295
555885952
5125054
4262425
1593400
1640774
992473
58627084
573359182
3944172
3656826
844765
1549019
591605881
6342508
7178803
332583983
26904912
170967346
343832064
350807515
454861406
388051158
248714210
393721250
475088010
485214998
2829419
527830091
539240476
554977491
52360422
579294979
586651689
357216368
594860366
206848801
531811239
559080649
693732
2208216
300533308
269871836
455362375
305356120
247753373
1435703
327074323
298217123
289779296
321035831
16951490
2105780
399462540
418001943
499972871
431466603
469814372
510828533
433295545
68504419
444142288
444765835
445600141
448624132
564504327
449068843
2607613
463448145
449690288
481260059
491488831
449691877
507797400
511203982
486973996
522830467
515247197
517727698
540215088
563449802
313017509
575403070
590415705
2485090
587895400
541070916
436844823
1356980
280829878
357463461
439580691
352522296
588775814
493236836
559595186
565977407
5354320
361344426
450344056
263889188
564041224
502626383
556999521
193484363
571885089
564335557
2248007
232819233
412471605
54620855
299395285
500151369
423982653
435357448
321908041
3854622
22502231
560045602
302531082
277244090
511630843
590974820
3013119
3121494
406865183
4388566
561498438
11014140
547406163
2575400
539948474
22380455
60254796
139438923
209987831
447476108
268677433
395501124
12691926
505242146
562448223
566824129
594343590
505915233
457987812
456686568
2365957
1420373
381707116
295290161
582196703
588089683
448703712
454740582
470266038
471265997
378082051
474979907
532730916
7127945
553203010
580732176
535837425



266770803
1321978
190468



6026826
856181



1976219
139398065



199324724
6854347
193247



194162
480648639



25751711
173093789
175044481
16420623



203011
3840260
27024150



204306
558815
273227
302811
557509
660817
844130
1019679



206783481
318859471
275796080
445981408
457840830
354507744
154291
3570035
331246747
212955890
1497272
55378061
67288088
114637909
25974659
193581952
196396824
202330522
204368000
213093739
215213454
230065693
255432057
256218991
295531244
365518918
413445724
429249356
489740143
504122501
504243395



15582211
5681611
26549982



7683004
2702488



214108
39312864
90904915



214109
264225
299537
1366642
25640040
63646439
168416800



18467144
29682820
38682437
39446525
6761508



64430916
140205968



540919
23217



26738
171493867



1380956
26899
98355371



20595
31420
2603902
627690
1766131
98977542



31299
747914
1409235
7711400



193772
22169808
40935661



55782
356799
61984
40090
13370
55681
302966
27079
862277
12808
244701
204775
214617
269834
247932
427926
316695
40702



16522194
14870910



162170627
115921070
313424280



15420572
70920935
22662770



317975125
41941805
28929471



327157851
330484829



370678806
331605956



337979155
270908707



152257167
342793796



222260018
38594
347420190



348900792
282427944



226958675
7369500
17221178



226290952
31868484
368353069



371148457
1815384



3177420
3140871
385627042



405406127
168688146



95944537
555313
7797458
156844762
441990965
1383867
511373
378858
176086735
431415564
217352281
835414
35496886
116984281
146252316
193838956
223280895
445797471
13644659
524896396
94743574



178312578
463776836



800062
12683053
235739845



3467351
2635283
1696230



2660452
3739160
545599
3420327
1028631
3533057



327775720
827616
35314362



13626132
839205
150562294



1242547
839455



1554844
2228494
3688027
3863253
7464656
840707
85536422
2401709
12723509



877000
469745
856079



1959261
872232
2253657



8602837
1515487
7173267
157418370
7326017
3117789
891582
3258816
5318971
10562664
5530388
161590490
2893730
12487756



426297755
432903488
904888
1835967
22875457



87525
781630
1341763
910963



913927
3606608



2953967
916460



1095801
1443388
1617814
165992740



3246849
2404246
53319001
534030
153854
919874
895922



1171647
931813



934368
2194637



2926915
940914



942726
1106854



734777
9544477
367394557
49730750
954176



231918
1948798
293270973
407993
669094
16923921
951885
715858
1527940



268278331
2341548



957326
133394184



965390
1665306
4484953



21208675
112555041



38818464
130581382
252826539



102272391
93069073
83131614
43031573
183533870



303235791
390868099
44731874



224876039
25332546
321742014



365100728
271541356
419724728



174380646
48888286



276358256
269632769



270071005
49730393



50513147
50521420



50791109
20199520



51170087
63596076



51279846
202263728
202966767
260483733
275696092



86849016
134150648
51733187
76189850



272750960
71262065



175338057
53946154
97236887



160144608
169405345
172659
21662397
54159073
59198554
43021457
214092789



167704221
6504320



7344951
323671611
55699584



53736258
29570273
38828995
135328655
100203190
23738317
134975303
14754246
53211041
1019379
55775601
136899566
45267255
87954121
133319704
135660326
139034439
140238695
144074642
144196258
25960944
135586466
77480722
109344943
24744053
195212640
675772
72797774
110597777
141580837
111221371
97451770
135352375
138265076
139470757
56106307
94521532
139387274
144050936
116372180
142118186
24798473
142849602
42274593
27703248



29320147
57482052



330700609
1889926
57360211
5064400
339074850



382722
32323192
239423744
57520474
518248



899094
59298601
188165584



59223816
2765618
384275512



59586985
171161221
217046927



64689252
439824



220090470
20258125



886213
1618135
1491888
1301380
4030608
811920
4839262
50342696
395171638
4749571
790909
2453266
974947
456930



2912274
2690158



6131836
914693
459855



1050973
465459
611063
7208564



1809306
1166343
283923483
171348493
1777893



395795
470959



17392117
383598556



476264
42036949
147501601
9110683
14439069



476488
267149485
8057657
109799367



481382
4052200



1292412
2054915
7257937
7529
17586356



118943
1353564



2290017
1529281
42456680
1516656
2347392
15857384
1024182
1541449
1559014
1835723
10002271
2036749
1398894



815294
994700
294866
1542745
128926



32410
10188963



8841394
2857423
1091042
165006493
252543526



10849994
18029216
11646
5915
111242597
184642917
3344100
31745829
2365268
3967710
6650104
2265918
34028160
1707319
1291906
890113
41630
882185
918664
921590
1131073
1726466
46108220
1306952
185566769
1370917
1403397
1631944
3278028
3346605
3457010



6440
61502
64060
68219
140734
261739
351772
394567
470647
871758
94022
278068
3252637



308416709
78588



37597190
291046767



269901339
7073504



3255020
13318996



46766933
54567857
591016144



247391143
3273824
142252950



3310701
6050520



107680222
8809437
3363882
3362218
3584891
72036606



5380398
3425432



2015769
3239888
6186852
1465169
295931281
3458038



3468732
135030741



3520548
6363540



46274577
2464847



3511143
18441467



17199508
14342943
3755667
5598912
3032387
10390823



14744748
3535015
5337842
7630352
14152636
4746197
2938013
4590259
231369163



3567763
395503548



34278809
274833318
3674929



8067581
293138008
202565046
26793507
294134321
183968780



187612917
210939197



309497521
220258950



395425
999210
137155705
3443171



190733228
401467584
232195217



195627563
431077



196449190
353691111
232458606



34764454
10242655



197081912
542238226



199070404
200789981
198517716
207793488



198743837
201222820



381978634
397586478
714884
378880
244763473
18705798
540705924
587347382
726270
404843785
296995146
15949626
32467274
8802384
28586550
382613828
3853528
412712183
431081729
571409
32777622
483533787
237427820
487271441
507286813
523177
470595504
81819
1579031
1183038
339070181
3100561
8921958
506313894
11073301
17784496
18362012
10756084
270820963
304988068
335983840
92184041
116386035
356958166
398412688
50625199
182395053
953190
229666199
269078991
273802700
278350130
278722854
282261753
284213853
287403523
297508828
205191
322598672
1173668
326350262
340019888
342911319
346785616
357257419
373926324
390198653
409585486
443303541
509219151
514259164
1397367
520863552
526427766
20331071
528034601
445019646
535437000
559441654
455049530
482095113
488983361
569869287
61377710
555336780
559732684
547947227
18615
1111387
6691251
150740150
594342975
2993123
396978212
2021839
189787604
2692280
386299124
368666961
16473670
335027883
14908973
222686837
321050423
361065651
300329410
433340060
3058485
311584358
27564527
251159614
27312723
304985114
560544561
366759669
6255337
1034781
3441639
457931947
1067103
254574634
238424004
221493415
23640242
2764340
206566694
237318523
5206410
171624971
269146109
490777473
194430091
268284144
235634717
1762178
295635502
1145040
315958062
2791673
8817341
323069230
399862159
407068847
4892087
142832818
443049674
151455905
6665694
528651684
10517931
529125879
534551238
91812264
538737895
552969971
99282672
559423295
509216632
10398969
202963713
560768954
3605548
139080206
34071847
370535592
7109430
500806372
17599375
2693945
38215107
4312506
542181300
330685263
92163161
40478140
273904732
141775978
306685457
440762789
156532997
582045837
2821752
3019229
431126
162876209
27278116
174031055
255038526
222736529
224945970
301497410
15306925
232791491
60607725
213505531
203525390
471007446
252925877
332707912
432304617
539343658
570060102



204105852
222825289



461519
144170
1685970
1985648
276308360



6414505
24284
34253
50712
67512
112182
401723
458215
826651
420503
2447
31132
174868



406978205
957401
490903
2106626
2466642



83164357
208907526
229537059



172091599
209329708



131464
705916
65472
355494959
114727664
908071
1269211
2531265
20875



214081887
151668481
205286506



215718665
22089043
223064644



212884426
337422799
218338222



39728
98824783
594845
148557
576303
3568639
168238
701461
1213448
38834



182260766
18286446
27605709



7355667
7580575
1208290
367850246
65287281



150944142
290332940



365144058
7583472



185550737
7605352



171339150
371083395



51387644
1003803
233260276
214840
428804
5371392



253784814
7852184
60490381
214812422



7979640
104841898



409013185
3248581
8204083



8250584
188883303



8291532
128245425
9569070



97157630
8348137



231536981
14411985
8417108



281577579
8638858
445474278



430218262
3895538



1059440
8712894
12289821



48143498
89509180



9238613
588902



9113449
56221463



9793107
9633657



5910094
55817073



444904122
237355236
335346574
10171044



209902745
10403884



12009363
13261682



113348853
162859079



995751
164225093
13385075



223911
24559344



546534777
1348561
7890017



383001
2457175
2481697
108725486
202325321
3139658
2864387
1469200
5977001
18463305
8316289
2582355
4678165
937549
2017210
1021749
4916908
1753962
3691117
7807267
1498165
1539396
6122832
1883852
8735141
225511584
3441920
8690486
13490413
15728471
2326761
1521555
1639628
3325989
788744
1621248
1667239
1911662
3604360
227827
252742309
3226515
57179347
3433784
10038234
259111684
8408973
5066943
813353
2576213
1506097
1651588
877290
1983899
451284620
2110934
2259698
2821223
3018488
657079
5863580
3313018
3741858
3894851
1141514
328141398
4512428
45214435
5106638
5219537
5823813
6508969
3362233
7928645
15746141
10678628
1462482
17147888
1570444
35626468
1773345
157243469
124113678
2130792
191858209
520739998
45987691
99103961
2315399
4519427
3322847
5336284
2576127
1797068
32377566
189809855
2689221
3698970
87979735
2208813
254046608
3063885
422701
1742321
5418909
1451996
178411404
970254
1035979
4861164
55649460



18412197
143556160
468149
1943371



2787570
251570



384218
860875
1015007
1057998
1073109
1192326
1279504
2002399
3448739
119077
479435080
733488
3439157
458286
205288
291720
178414
509840
847051
958898
1056854
1589049
3100804
15574420
4794834
101344128
931820
768925
328027
406102
1681960
468685
788596
35663125
1204570
1280921
1348398
100628
1684915
827363
851257
72981
127986
1578100
6573989
892700
592806
1000643
593882
898171
713911
343132
33645214
655268
80773906
699318
957335
1035530
1108019
812666
1109325
1173501
1285634
1915716
1254773
29950736
256863
8640
901108
1348190
1747251
4345684
91925689
529827
8003176
2038750
5226666
5842849
1202094
2177689
216951
16047
690878
1123847
1327059
1555303
4707265
2411079
653623
1184494
892547
6610720



269324
1449497
1425564
1143031
174339089



428195661
4715982
1484065
134973059



124591914
250835726
240519308
35738804
145327230
89672871
97889822
980561
205685176
267909138
72021747
8705086
52000540
68659344
99692162
12627876
19773856
135810247
148404754
36279748
167603755
52760951
23685262
161523000
211929533
10527602
271061482
194392941
308927705
79517210
87839451
200330320
200770625
51172100
49676165
100130792
57586194
225623376
63772229
64158654
136742453
67826603
66647410
224454609
70962939
76690973
325814423
171165131
504793276
9760262
188628551
101631840
1352378
99873897
40596275
106559571
102003625
123319365
147814333
158099674
133522021
133165443
176074205
137727972
73197364
177316763
200230866
93298445
72457401
110524586
166188383
267601283
123629256
138587968
134667592
19246967
156231340
414285878
146458631
159893955
161201691
272751924
408434
117152848
2446475
152326642
186883929
353231026
51101228
75347718
190180986
369931
263381892
326194468
206406360
212494651
3115452
133674817
216149047
99693953
218584500
5715434
980608
52323984
249472013
92839148
271678723
609766
91037860
26549901
53482687
144391564
188997719
307061794
135887294
251664583
306782559
198894523
245297177
91784704
243472242
253072734
199253397
63109243
35382773
466233282
112257613
32369155
288843533
263188129
144513698
145161455
59411366
80472520
161724289
94319722
61009173
134738418
134796121
109753536
137640821
139167333
145027602
154768909
156607095
21346577
103849804
22591508
298924427
103043916
210086531
150117817
29715459
293421800
457860139
230992155
49479643
76552457
467403919



2190291
26785285



53473602
31724785
27205954



73341593
196772



13938760
121047
5314530



59611708
1633954



18146079
1585666
267064135
1935752
1594970
4863345



220246900
686396



53599093
536175989
497595974



157043892
514676875



461844
1632098
2222739
25233616



307067953
522704416



1653142
1795431
1868211
12852260
1231226



6410242
260631431
1664382



2224771
235077854
1679436



1247561
3442087
3741795
1730362



453065098
6830433



121406006
3358890



5975582
1754605



5194852
6927224
452646399
1763334
1334895
8253017
886064
9774070
3425522
2972506



27670351
63099843



29798135
1801062



1813559
103721075
3137183
8663259



143708536
9842629



298933
138112243
1818263



256066458
1839887



327362270
506393732
2614331



213849001
117050225



198454135
1864111



922954
3901143
10274567
4703555
3123324
5973536
4774961
10127337
1892891
11343020
3023277
8015955



1085857
882260
1913723



2722641
4070738
1632852
1920948
2880357
1057709
283328603
3751947



131578198
11178268
137151521
1925168



7533465
47936838
199932959
539376355
4875796
1929049



3326301
62058769
1946082
4643642
65965308
1528107



12914856
1952715



5381683
1946951



619456
1965802



30691242
7579711
463609
17088976



12102522
2671404
2802259
1960058
23753969
520549611
486553
340381
54641926



487655842
1961535



1987393
20828994



192527691
194864711
28321846



710860
2275461
49820081



293108103
233153219
4135766
1895808



4637630
5885924
676698
467717
10611685
1440523
1074408
193378
1456625
250201744
15046798
1165876
18935890
700237
1106029
3748073
13676978



2636145
24069514
55784471
115507599
141673169
969148



975771
637932



18110719
978942



979799
1130808



9062926
1013157
8620563



1637595
1724931



1142726
6913349
7520075
966441
1513596
6067933



4245016
1101615
1214540
2589330
6569220
9112393
212911745
938338



24623835
1527464
1470447
1956517
3817773
2827080



1023124
3770935
4502082
1698657



2637768
1026553
1428818



1197345
7896019
1173335
1029939
3221202



1052321
4055350
1431035



59774306
2790953



1046726
5288596
1695972
1939886
935627
2266504
8875069



12164806
3608707



842901
1133979
1248579
2445364
15095087
18331
760324
10331407
591398
617822
876317
2058455
3036568
1113833
4658930
1288838
914279
840812
1027716
330441
1048133
564379
1562633
4561041
57790777
41808857
1315341
9885675
2304626
51096328
1745258
12816809
4024932
1128144
575998
591974
9797802
772004
27932636



11797657
1075488
11527253



1111324
3735159
433884876
532859478



1188328
15385715
19336454
3426726



2339495
1154014
923080
2279788
2373102
121803449
2225846
4272435



1535896
1566090
5882170
1167118
1568781



144493346
409728726
6398198
1657663
22671833
7944767
10244707
35029793
3679124
3721756
4618669
1941485



135079731
183300944
40719304



24122259
18235505
14172103
274821249
55042688



191911804
127486691
234208771
61280716



1210897
1164192
1254483



62857482
2417694



115153614
331070665
345047548
363385174
337468110



23380429
65474120



34024142
65758066



498137237
65864136



66437695
87830541
38368520



213860443
66609915



66600992
132323909



214368549
354853002
72571805



78552762
489814



6873505
18670260
232232431
525272023
78525898



78918705
266692290



277301454
364118054



194422622
383215840



36069202
2487666
4842456



341465402
401565188



559491292
80890376



6580667
176517537
482481201
81089088



93817621
83226152



83330935
848093
2081562



83877982
16435010



186726359
39455908
70786321
63066760
43359780
13021603
19080775
16014231
16506913
30672478
9054915
7965178
52049102
41656507
29898690
53803356
88303962
55413505
55823231
15967495
58919322
12667192
59608343
4770900
7949548
19509513
22613039
63300636
75989726
35810920
57437701
101253978
78970670
85718891
68920750
86717702
87109482
63410271
87529467
64323497
2514760
15759806
37518424
3162480
8103747
8286507
23382119
83776475
34701643
53165914
57298775
57399615
17298867
64003557
68745909
25561783
86636734
47078458
86819615
53880779
73197194
73749781
69624406
34844422
26591212
90915751
73772977
88496860
16879219
27271134
274627268
46022634
27372420
76609547
77624218
77866639
27504198
27540517
19121689
6923685
17722499
11858324
39186589
28512023
42097571
83981751
84013543
48056968
71243761
87036430
136199309
88913920
89289016
91854007
4257853
4952379
22886276
36093017
36286929
36722474
37663075
42540588
22493445



4825392
547722
84335373



88400089
167955219
170203832



25026717
312689444
91392906



49460610
91848155
104493126



231006514
93367786



151696969
93845072
206890893
60624743
208877736



377544425
96309519



2576828
484792
352829



152016
438771705
256609



491953
12764782
26059554



505989
219986849
80488632



10479969
173241643
197630881



1690187
171961292



51398270
521823



522996
568193
2757128
5905070
100686926



225542825
3050501
6768845



3413437
3245068



1186418
1140993
335210312
27100828
1098857
541129



551749
131824829



557323
136854683



1577961
1486196
813053
1504111
640820
763443
1498223



393964500
558257
321732719
10915691
1464021
3212490
164149180
54771992
78470840
345087894
52480086
903297
133715261
226919345
101324020
981612



6329136
27047515
39760124
51209586
1898069
5846
10829
10628487
448194
441027
113557
1117
2610155
3793
34894
4517
5362
7147
7314
7337
7659
7685
7742
7777
7934
7998
8000
8129
8153
8705
8944
9331
9741
231871787
11161
12935
13689
20926
21817
36568
39769
43267
58931
81102
109075
353707
383780
15032
523322
853928
3997
94202630
99374843
4862
263057949
46733
5304
1278
3210
100268095
4893
4947
5121
7007
8357
8507
535798
434863
9885
9995
11685
5709
11816
14769
22729
39296
20271
39599
28990522
55372
49681477
131653410
109489
120424
129094
726
153535
177448
166757
262245
586016
29080
40022
178667038
4735
292179327
3547871



1149725
724977



286243476
1152676
760590
5885752
5362587
6520811
91463019
97557114



28750023
18375445
486267351



4018682
55138666
6455269
597025
1737602
9707774
10338243
88215772



690659
957575
2235673
26451044



609856
1759726



294440
610875



903
51678887
1611
21723
27121
90692
94893
113332
113704
186781
200786
364614
382620
429860
530339
542131
652834
2936038
4143643
64288098



2348644
5741250



535914782
684803
49511361
87955
268034715



8060
1283907
16626



1678850
51387912



619769
150553721



101755805
1504785



975740
1827409
2344220



6438654
153986749



2444199
507451
583855
570459
89026285
115535376
413540672
2078700
700773
249989102
1290904
7293309
3801284
83861
163141067
636852
719438
3510923
12474139
1458024



758515
1269456
169070865
425200
406256595
1568451
295811
339315
489148
579624
465227
11028228
463097
896113
407854
1335468
26081510
9924
217371
408979
564782
630280
170208525
1234974
540229
536452
680396
378781
73801
933429
906299
33449
59317
65829
76245
87794
104743
113960
152871
156219
213694
223019
223874
225947
270950
378430
167521
380957
387862
406099
416704
524971
726452
468646887
37121
116063
163234
543559
617016
8483
63997
995078
350888
44943
282179
9131
328128
221615
252407
2391429
462871
814917
561205
156441
248275
758360
209642
1023101
81928866
941139
1520931
193130
108053
713937
209553
118592
6416385
463252
608486
704106
166662
590923
57115
16587085
241989
634887
642243
1006084
2254381
6855392
2621073
23163556
4915312
2538003
28652779
11874109
2999291
65781
380892
520127
904115
1368160
1865247
2168624
4133634
761239
116850
1518179
12652301



269468103
1486
5742
628872
74003
89084
118914
530523
911
16092
179333
6270
1059679
13780
35189623
2658911
17326
21785
29142
30851
34777
41525
42816
42233
4838
59607
223062
207175
42904
4360
11518
46205
48809
96588
209957
210294
237508246
11809
1624
2296
2696
2728
5460
9008
13636
28584
302572
32728
35524
2498251
39558
41690
73833
46662
46664
54020
6542
48642
39798987
57410
60427
65484
68528
72058
75095
107587
110370
117462
167024
184027
59992
195741
556845
122563
620208
2492718
773334
5179454
3973393
6413233
21377054
41237029
192005
80466451
90080249
4727975
277827
53860
804207
67372
82682
9169
105520
67067
2550850
565
39074638
261329
472757
3109250
41826
854775
47667
14914
65806
45544
560456
50295
101361
102514
189992
238583
65474
300484
86472
22895
4222562
466179
1109198
471839
56791375
33424
54706
348936
43380
51719
99863
312097
221184970
425333
4869561
4502
48233
97264
504000
39495
290536583
40908361
11060830
108943
92198
5031059
2339443
2300132
93092
13674
42010
44285
517083
76517
83611



295141
59324466



4656597
38575845
798957
100826610



280827617
40084814
685464



2518828
429420698
3005745



168807163
431945203
5670488



6369735
3006501
10774387



8034672
21452089



423818
1038752
8536997



59260082
356495672
27347198



73485504
348516137
5624427
6277586
79451420
45292335
2804629



589277
930100
346125
751245
234914
936529



59368
258327059
99056
405764
316822
898562
196922
936595
1136865
1400162
1450071
63986633
2281102
3817661
802739
1325420
26146
267908901
1201469
1463892
6
3914594
1388186
18060464
61410
229332102
854090
48113
1768721
2508994
179776072
516734636
58772295
1244860
2474146
2457032



4430
35774
33510
167559
281866
76781
83139
104002
55392
548276
964078
1468031
1229329
2750
55397



187682192
3287973
1663346
333509706



16931260
252130151
222560782
92335803



222608429
281806746
216163995
271024158



222617132
173017534
225355108



17175242
223402763



195482102
223980274
215239705
218419428
191807862
217900374



224564595
224337960



1335104
224996018



55168947
321506360



8893788
226043042
2204920



227524656
43663334



228347039
1458478
260034027



229597853
229489696
229592826



134047366
229904184
186262365



231627764
170866711
235293036
53519952



236608981
252699986
253443396



239229264
229678383
139906314



7752206
238985544



492995979
242648812
276129148



83187327
245862336



245915489
200884715
362968667



247104232
141227872



87783676
164638933
254375870



247682338
3087052
293281809



247707938
135110427



257723295
250612194



250738483
336138808
239623447
364608540



153040825
265826803



240794966
250766115
251266516



272792444
251222402
270412353



252792385
45260275



322526897
253556819
321575638
61676663



7697818
255904312



255749721
362513131



22802949
138157441
32717748



516864802
456581916



6794341
1173956
32448
2964402
499734
99902
204896
3245
427686
193472
293644
607548
53627



2162329
14165223
1691542



62141753
3974410
39481657
14702667



59491228
16871747
172227393



129132900
7536178
207050052



216257331
28633606
462561
587875



150983829
241841
178383678
157575679



537170424
19031382



23118088
71485901
8973985
24039970
44867876
41439987
153698905
20040085
52464915
97685922
112085510
87428533
54701135
8683036
18315546
87826999
88302229
56486598
35205206
56010634
48114761
60068097
71810963
94267111
83862687
88809804
93107040
35812167
90409840
34940473
71837643
74523694
19149917
81708683
82159159
97820449



19444175
12559806
318768082
505146477



42202606
97570520



82356643
187207391
20753372



107558303
217509642
507460779
106442196
1952528
90585744
547091447
200475832
153327507
71859666
180326500
184959171
83043415
192186264
196882591
3454779
208360942
239108762
243957592
247987625
291927399
301097082
446140929
476574737
126421386
212205185
182713909



135539988
221225013



38847505
21251457



27086779
391920400
21411516



27919436
29480265
86711045
50307188



29316226
1801018
5257845
992637



29761227
3759914



57697607
33227136



18108357
220618592
39082009
9817517
10338211
17278900
119777711
20051386
24549580
318186660
5711354
12850144
11158600
73599599
427434456
8524632
223442109
3926280
5717259
137719875
162635415
43302113
12289037
8127260
5303950
83374016
23855628
93203464
6563914
7950349
48520496
79561185
130820513
151915048
3545005
4012154
4831464
9399682
8089300
9651926
13534025
17189725
16422895
23585127
61267269
77109277
84307780
98458102
100688188
133808515
31623841
29175419
163705913
38554496
262982550
442422
284033708
12324767
12332967
105667582
372288703
255539431
13832242
322128639
365468363
43261964
138687416
216584215
4285085
138985037
53202306
70461391
145589200
1572628
3365454
4478507
4587546
151656914
8884602
9785428
11603343
11939907
14170968
19330437
267214675
3893799
29328617
32896057
8515112
134478814
213771815
6517156
73746940
8554971
8736457
34270210
348227286
8902553
64699865
11800347
17106667
19607837
273722239
26821662
157263153
33809596
4830207
1849068
57771381
10051843
58914157
34916
84089436
4332478
4519605
96106802
128505519
411315268
115816091
5250885
8468801
7793499
19598808
19770627
158847467
40718649
53331496
69421057
366688442
80872660
100801741
104375286
153014981
182143268
157090619
27438068
59909352
138247684
209681732
282596358
5489298
203818107
30810047
5346476
8490302
67096280
23886685
48505374
52769708
5008395
3250734
43605412
150627353
168040660
2389500
238622764
5043687
18239724
2203645
6843558
117065663
136422532
145771751
2786573
1403645
16203797
27188946
1316521
3200446
12560124
95628210
25083321
26802847
5879102
7984202
8298941
8551187
31745215
155052104
15743995
274631012
24418599
25333736
26139764
26552123
32000941
38718189
36950783
162879238
44293581
48224663
168729975
50367295
54093513
58663638
64589973
93547789
105555784
113595155
115812909
138946499
139305057
152135237
159710220
192627218
225164398
228197620
2351840
2929402
266059162
183646676
3890876
72116805
6858415
146908661
9845322
16915758
30331926
52751881
1549833
8418673
87854035
100921849
12919340
31318791
38481243
40607180
55260491
67462538
226190413
207249564
324724314
7363164
21211217
2451291
43625549
9819308
61773333
3693517
6033051
6332221
10875064
18322105
541053001
19526191
180904412
334621855
10560407
67970828
223192994
118717693
5637116
3879652
448065386
167379617
10472147
2564028
138889778
251022334
259235154
435631739
6428114
209930166
2834619
295820503
13667905
28755723
145500033
151313085
13369621
106005339
987002
23778886
183705444
3163310
230639418
204959678
33622075
174065059
163327651
13393764
271354405
137845838
37048001
51538631
137070403
23263577
66285196
3219715
13554407
3665758
5324065
53177655
31825840
4908803
7429530
6270362
40262898
7414366
7652123
5262520
1679382
39239585
141799
7852046
13463608
16448241
9585685
27734577
10278660
43012034
11399188
12304487
25651077
179985767
17579158
977353
18393314
133407953
18395737
18838506
4650609
19929885
20471032
21881472
22692949
11024929
5781736
23709373
7906541
8299251
25467770
188887249
27840008
30198022
30857751
37125363
38372751
42404807
44470100
46453127
48385127
50175219
50490792
103867490
56109258
56579500
58845952
65171071
67963576
71115248
34021222
18109666
12500785
69831324
82285287
152677917
79491719
79720983
4048230
84887798
95527759
95658062
96688671
12662758
96882448
97416098
98536203
99839996
36752745
101348503
37620214
15175824
42916573
54258520
58331660
61409097
82303173
104570574
114728241
87811992
120874313
183850057
94643239
95612015
3318184
125020654
126584523
15582840
94642914
20801840
111247319
3494827
38928336
8160311
142472825
7352629
9878625
109177106
9284507
14299865
12309057
34431249
2903020
147159610
49492341
72127894
15937615
78682849
177728098
157014438
48336644
7512655
21862986
81978710
85132547
214322320
6755608
8677967
226934517
2018610
20079501
10947304
21369736
5156987
23380129
27378557
134844860
27738841
31475945
35711151
50217139
51167213
60443869
174559513
17954442
66322552
76084619
66031062
82956650
85364514
116340897
141594309
187236627
143057534
159849816
49030665
185396749
192947183
3831728
62469652
131904979
7092835
6524188
7300402
2173664
11555302
3395383
17085188
34843806
3808014
53313075
3975343
4416416
4726952
4756068
267594956
20216275
212783200
204600866
5421412
5545088
101284243
6156699
4660331
7022092
13539445
6702184
19650415
22317489
8063340
42193128
4620005
9030088
76911803
44570321
80970421
8675503
8863704
9695286
10949352
11639803
11971326
12501101
13915230
14085717
14197765
15330359
2657810
18739049
5446628
39418294
21278288
134227387
22224959
23498703
23868376
24511782
244093088
17355155
390058550
26151177
26287276
299540187
26678938
28037646
112585438
24968584
8404602
29667571
29840976
31670792
42523457
282983019
46854424
53050368
53212318
34370289
53449629
53206056
88062216
162593777
59990155
61929194
38611680
47789263
142367428
122126665
17838045
143554404
21388136
22842014
146850870
45014187
71127705
152334114
159131292
137359611
273105099
2711657
28901030
220578495
24717723
87875480
118372565
1129593
4725691
6162960
25141414
23730683
45207280
182987562
19910923
4647642
5129494
10625647
10936166
39336649
50618413
18119931
44723266
46604679
590844460
25685811
51440548
53918776
50164494
188619818
19208113
278679372
18754209
66648098
61693029
3795852
28545191
6504092
28877095
54802
7196773
35931771
38933117
15890
4415569
11917227
4679260
92009917
147862130
20928181
151420076
177028624
1546421
2573188
24364104
3358426
25464472
157236118
269515958
69344
6334069
54135713
219161431
6343378
79318928
81872672
255091389
11027712
16943224
38723062
62907304
227923755
90070929
88941636
119533235
122684351
38594218
6579681
6552799
169115580
119659381
139530074
3137919
413320952
17744301
235623095
35817192
4438830
36851367
25852426
135847015
73748910
2132050
5745334
153320085
8498344
23883712
37853005
46574360
48571872
51660303
133740305
3270831
7670072
206866891
96508534
8050499
149374485
8475690
22052542
6858371
7220300
1672761
3354588
6675758
7559812
3165695
8661988
9582001
7227186
13251003
20015073
21187163
29032904
72441444
17895248
7702346
137230653
9308963
88294985
198171911
204645074
216913452
222904353
52728125
85852352
290915292
4353919
210624716
367161088
5293786
1910201
56029684
138081922
19086675
58707369
558514523
19119950
20458730
79907121
6742711
37616915
156925389
6043964
175826070
133550352
202033060
6026527
12985778
5364751
12279415
14355731
18744732
24962173
29725670
34310092
34566837
55557280
96140871
136276519
153348117
169841318
4447150
1583620
5288899
1339876
1344699
6408999
8802043
18525346
32294045
84787023
34843001
52185600
62413872
79717162
292726949
110152713
121378062
149123149
205370647
439447179
928887
25769366
3142437
8918730
32383401
36391536
60448662



852527
180944
886342
382163
785239
643939
736862
894814
1025668



348848
566488



2832396
201454352
388115252
317204
165660
242739930
4409
176354
2335094
58767
1532338
1489561
274
97134
1715106
14616105
81639483
139515332
168583014
1533610
1695366
21656
55031
9635879
71410
72993
94708
214385
249086
7207
319791
29046
256670
454581
15358506
95598
23258
85340
175571
303522
316469
103931
54713089
734551
620
2540
2976
1353789
12013
274243
295882
35820
20304
50935
607735
1212606
437764
101675
541320
2451183
239031
2842849
352127
80381
249415
262618
505433
366693
783193
793202
1299321
654425
195
275683
245495
161827
514687
82991
6823134
32128
514705
23841517
6180
7091



1134881
931774



594072
5506948



6117849
2210199
6089479
56796



69791
682361
1970624



189305
365430
9000782
694703
206178
6926
561885
155861
193690
12808665
33790511
31105
64358
17282791
173586
389924
140315
954150



30617861
3900371
141868030
28677746
368352295



34414193
172887024
54109687
59069561
327019389



35538484
57328353
146568945



4602306
150863131
59170922
97085752
129442344
245248299
67418782
2410497
97989285
15728824
7543304



226529846
4219301
2188786
1501434
1522961
1192118



190721307
309692494
62233621



269529979
234821420



190615189
126785769



191219147
86727916



191528666
324663386



192512119
473337021



192610525
241381789



194163826
60473412



1196423
3824553
6389229



557561557
169839117
372698134



364824462
148925634
2432796
2181567
3898882
150703446
204994493
4869110
1347620
59275223
382361766
49439112
1355098
187332266
70663485
144795167
2461992
30166
4102329
118683907
143938767
27754923
76388561
1619239
2223633



10429204
1244943
3889561
4462950



3902415
92412827
482479304



138685964
715311
195640015



12448828
3940771
136994809



3952060
110591347



3971130
26875379



29156051
4026591
59464113



4203167
286234946



4182547
1666653
9374022
213763388
182088389
651877



23980407
14865439



1050928
4207919



175026976
268841356
236285998



5931467
4231702



4219803
145318765



397027142
12863460



164292196
16011381
145894797



83898419
4355261



198734311
334678



4428264
2278519



329829729
4611210



22555688
1369341



296801304
199050600



4891860
241554281



10330072
4892805



264995984
297096317
68767732
222394261
294446534
282459615



4925172
59107462



5012391
10576400
44176876
597783



5026760
180877772



8097818
660622
152390340
5128656



2003464
1095575
27314756
235066
15461463
1860246
4503301
288655241
321033166
32033508
525986
841790
2545971
3119426
366619183
17141578
1194344
14176097
458562
1653991
5137303
8836881
55827371



147445074
5271121



212397827
5298090



23440380
62528799



125006053
244145617
5334129



200534989
247995281
235785067
31858582



15857187
11146400



176235113
3653274
35293717



3765804
5353867



291025
65847857



4575489
2308955



215477540
210859372
201895372
24553878
26488543
230659295



4549450
236956901
202893888



203200970
101397144
34338565



1421341
539624



485605
603110
20526720
1234417
256749
1354423
411644749
1674448
802371
256876
16876558
974117
456595
1022641



460901
1051187
621070



406280
1047644



1205701
1427346
260972



34126
7004619
266562



233420846
331683279
52590026
204096657
59447888



5931000
237202786
63131452
76255



529496925
4437291
274834



3553080
181152086
282726
343513
1317446



287539
4489476
434881883



206190733
288830577
309173248



1200810
295003
13826150



296853
470127
85496978



1500506
913767
74106838



143688864
205619476



288350
204535
304565



6116183
78407451
303536



2598447
309123



218136
4148260



41468417
566529



21217975
2801710
711696



3686227
3771993



253798884
6897465



207259001
157733847
33224084
158270233
223274899



2306493
195875366
35754973
144864



1000193
15148394
147654654



759614
7785933
6952996
24777194
18215
269804447
325300



392129761
208244035



1806848
1545843
989378
878702
5933121
1127720
1698020
38935717
1644351
217298
321113
935170
823654
1190598
1675907
4679473
1574442
3351305
593759
1607131
869158
1479573
1220203
108143967
257708
384051983
330830
159053
782257
970447
612525
1138220
140388
5151085
23295281
9467
886214
371640
354971
508947
1547708
1318727
523238
557556
691545
698752
1223950
993739
1095310
65511
1143235
1450787
1509516
1528158
1486213
1833019
302990
1134164
1454465
1574854
7033738
183286
627998
1021555
875070
1704990
2237548
1058047



49074357
349944



6816596
139453711
351033



89978826
159769273
171332024
252130809
228637617
234426651
247064990



229274712
217445890
209753330



210164031
211402764



248815725
18257111
212039251



216865814
245396217



217028366
11778423
210235599
5540856



88157708
218512893
137869209



32689659
501359827



11215628
531831



895162
67203839
51190211
3912374
1743074
1995837
394884584



5917191
2469375



2897441
3216953
440102
75016846
121444862
2005496



94009
199493122
112702450



56575390
2039107
107973002
158288589



5685446
414284417



2082050
3089686



1479180
777254



5976056
4130953



9013211
2137217
49768994



9917438
29449927
2137662



2146999
1217800



13456836
5052705
1849273



2159435
197837684



1060996
2163037
11854390



53037222
2167857
54874748



2198911
1140610
8754888
1113002



5008891
1419298



2244929
482355
102060536



8804631
2253972



13719509
3085771
7466968
6016288
8465503
46431281
14236094
85080164
2716902
2545159
2688419
5615944
10043328
8457898
123454
443162
125613
142430
23978709
53872587
11708234
4455938
65050603
1351146
84633459
33908909
29583643
2442254
15793630
4125263
7773732
132100272
10827587
11701474
49243585
30885385
13031355
30900203
59481910
2559236
4786585
4855997
1189043
4450311
5858840
5245916
6694338
16428140
4456796
9287196
1239350
12544168
2783717
200876238
103719595
9358381
20491385
85217064
2815137
2258394
9598837



2305566
6792455
2425111
4881400
18188390
1864263
142312411



2265467
5242081



407602940
31350832
1045318
2261162



1397798
222639360



1399774
166228728
76358134



83667129
31565202



136245418
10253233
25127870



2716517
5592713
2375096



145003131
71157035
382219339



184183741
2378454



3229131
2383226
2702997



4490799
24588069



126109158
3922600
59853923



1834908
1584200
4166878
226365277
2596259
2420414
2920103
14133126
48026708
131799952



2424669
8894597



2413525
4767372



275877345
49551997



1836191
33995246
1830471
74682179



3872539
854220
2935545



204650477
50869386
67968850



5679456
244285937
149071932
12861420



35714619
2866606



1569956
10846408



68658996
228209283



1361612
4394102
1870509
9012815



68203
73368
824890
53448
53605
11589
43441
58922
56221
123629
22260
389711
265377
97705
60918
65665
29642
45126
59967
84549
73642
206553
463978
383346
6363967



55541110
6535192
27392460



2562329
4607671
2288089
8444604
23964108
3087280
3392308
105753988
188041084
3792120
226051477
963846
1718509
614304
6760937
18752352
169970145
657349
2151163
6502746
1786187
432493
890293
7064802
1455040



482756
1512533
474484



2410631
584390



12139570
24296771



25755980
98796154
2502452



100596521
129050056



60055194
121715306
101851872



319252491
148972416
105526606
44412564



15929397
104821559



233915640
105558928



147642305
107395008



227020996
223071528



212030691
224873497
241843692



226193434
109852771



25413654
112335189



117531305
203743841



62077616
118288287



119920644
52955449



121634672
176941789



228239574
251279524
120619539



237597770
124644456
183898489



133344673
24197228



134101703
152638928
169407315
179900760
141395778



217962256
134895344
198755155
217836517



646214
177912491
134966045



285763910
135082975



136082184
257534987



221879278
137495733



136231099
78196723
137659832
136648388
137528912
12914155
100831496
8819165



276283718
193966593



140377214
131425397



236807623
140402477



208476140
140428447
398156436



548708280
294743794



242821246
140898581
200279571
49482493



141474364
12761718



131791875
144529815



374362
315236741
145286495



193390795
145240220
201405717
165646676



273900967
145353067



147231824
147868806



284922735
225015994
146007727



1268042
2100485
1813477



687602
4097352
300292625
1189266
1190022
1199516



4267851
7229918



12801616
153768327



2508654
1219623
5077989



1212353
1882681
3316468
4071101
222024282
7693018
1916626



1216012
25363



5644306
13713354



614103
2278696
189968636
222798587
493198
1285134
1360131



10462027
1292460



1296285
2477326



2569679
7824886
915261
4754473
133718683
6181382
6598100
7570421
1293484
3958626
4392535



1305822
57239526
1328939



3437559
7856646
3930546
2046917
4641606
12320421
40957964
1297496
13940890
2112093
8519842



1329157
50328
1651275
17408454



21765643
10078292



97184344
2932810
487312137



3375657
1341452
461180



1346960
19076234



154382345
153114352



1354802
2103431
1394583



2540562
21456372
7245914



96322837
38330501
1367433



84622702
65726355
81966681
72845863
108875903
195804306
16866831
77830921
2527635
20122782
86071053
253741399
1341319
244474708
444901181
156061422
211075692
307113207
246242540
10434305
31741467
391300042
11452371
4125023
69111287
138521768
428761073
3918421
193256
66360949
170117018
182812373
218688315
136381001
145029298
223636486
334644724
343210599
447831249
9081679
4174803
53931370
306182323
467833808
138451901
207799541
3754373
4735952
268113939
52450171
66835995
70802763
85784357
92349291
92687646
106574333
116012399
118798330
3131203
122694107
136743608
41909723
6461727
143795176
152419016
153351371
55082571
161712518
168031397
171947113
173929980
181684705
183265882
203243416
251833509
256957529
208454576
538660835
80872
213384608
218970687
225750115
231717455
235605387
254686680
256793488
281523875
292217520
294082709
303500994
304980544
242200202
80883558
40890151
154420134
166509264
188729710
181520833
189223264
198500065
251655523
3487522
7868404
67447327
169539020
297192347
248297907
4575196
236611309
320532234
325023708
562048229
226549079
281880
445296904
1917274
419044030
330011470
270413743
284369798
293202555
484870357
24537285
345469941
68744619
174017900
4044482
225471033
174616683
292225524
369605828
184656728
194297801
227396482
36101917
235217510
323581651
33979484
332802222
395309889
203602365
442430870
72529276
180034779
492823
477273377
508184
1254580
1274541
248668150
1546808
382840545
418690100
382222389
183713583
1884264
1980871
40367966
23175098
4460770
2472049
220644333
91105374
23415551
16263350
141484049
624671
8536236
49313710
174427399
457530720
491144407
132016317
179310544
395224971
261738599
17975467
68649350
69978241
44692752
914247
293405117
4272765
246926615
6105289
296656447
44567317
32426100
48019259
353773171
66357900
274215097
93734922
70678073
106951645
109832264
431639948
116306110
155837017
164427669
77634133
380195891
334934533
175030288
175504617
198638018
214454805
207123768
224505053
241126105
1415095
133521599
355622562
429300882
676741
391713756
82352026
659420
185838519
182289133
302607258
334394785
13771051
2757534
19888928
8791347
184580248
91490774
522673653
154062231
378246074
253632126
2918662
1677787
66264776
1528512
170626161
190861508
132056918
174733083
34335056
19857175
1408395
944100
199482708
183894259
299547163
354197096
294535023
159990109
17025570
92887506
343215205
351621975
189573686
3099035
309711707
2018322
21115578
143213287
1463865
2520785
492769
3204971
509050
1229638
2928671
7208398
5978908
7238510
7707700
268415688
73211974
445608265
2417683
13127346
14895372
1618922
176709997
271231898
27296322
38309201
41585746
44160401
46462361
5072692
28724748
51149165
206117242
2988441
3995528
69945613
70915549
12623915
77062854
34381072
393551
69755578
809577
77417299
221802375
84797484
158680203
759228
3673424
145901397
106956823
116643604
163492368
116704687
116832968
119262022
72849723
1559154
121062910
134363545
6789948
128313246
273385883
133435397
134291367
136506644
224523567
286833035
226635042
139650034
142627356
144628503
144988385
71576077
147332981
152758039
152921147
43569794
51932416
157417301
157445438
52042889
1117393
158113047
159529649
1588057
161767731
162036501
218108391
162146554
162438490
163085914
165571323
309296932
166057533
166480875
166813190
167377752
168067189
171254402
172818601
173541909
221809
180586220
182409893
62408529
133883
92413498
188393363
189508888
191810664
195241179
196648306
199022995
199128940
207577505
504738674
214273312
215194084
215682424
319475714
100608880
215735402
55163
2942379
218740199
219083665
539394320
148157321
139313913
300286151
415629974
226124507
231210518
232598048
233665891
52028479
243425927
245778806
224728359
245973948
12202214
10062713
4672020
266999224
192017616
267602513
40768254
268332528
500056155
18818396
269342401
269515097
269900552
270587820
169912779
359881644
22376432
276798750
20249971
284083600
284907112
8636712
294978794
300644265
230141639
305227494
28352497
1390522
17176015
112004335
201159195
321322320
38987952
491802779
321837846
323604279
267951224
324157912
187743438
328478229
15264826
216468123
342110226
26691754
343054669
256807368
343112395
361414339
351886421
59272326
356514016
519372808
76790647
360104782
133898978
70957120
134741370
482973496
369504143
136848204
27097296
137826446
143557559
144392216
50943887
360627860
125075648
148386333
146185097
420403096
163095430
228748426
166823591
169459510
53576250
172082574
84206996
202590157
143437
366496410
237055390
484775121
136894180
263553497
255476890
39817735
259766146
267267231
50856109
200865746
355179800
227935251
284539503
268831571
60151925
321371476
6798376
440613167
413668639
327144706
340937850
341263802
145157781
95614904
360883672
160931851
254350168
214301142
375683164
235452632
269749326
1602785
447539953
508288790
150832807
523523531
61381700
194001918
427565566
329245999
579141502
275159484
1140161
15359251
28408034
7807998
431105333
2300831
70824270
71580191
94539748
23658294
74959558
5583761
3470597
126180557
85247692
222863042
157013106
224630703
54913237
154394783
378102106
383277086
101021340
387650088
429665055
181382772
294777377
205875400
212698059
253005098
219875795
168879314
335273244
241814955
339664550
250524608
714221
451221683
283242038
322640507
487519855
363761277
367932289
3845314
438361177
141293326
221705833
168545931
225714990
38741407
268218465
237036573
5979714
50669938
321229931
217841709
325892816
1678232
163425214
1691051
52016464
559161815
251680112
351257602
44142979
199633271
1518010
64243854
1742219
134235031
19593966
46318235
3933777
3709526
413545419
301236668
273651308
352691695
550941981
204748774
34094379
156801904
409124924
176920866
237857337
140258
539119
254219792
50087754
2002641
427938120
413338837
503647644
49386432
2046729
337745244
305983302
854607
7791761
9271143
104029671
349482193
243148437
267714488
36227301
1513351
2244684
2911413
154247461
296292445
377030069
439289002
187133815
1171338
914390
20009871
173942378
1030122
597154
444603258
3469491
2101387
161257086
161763968
165218571
177944826
196726999
39928427
222437971
1425114
224220238
255587295
274187858
276427347
276774176
305222556
318216094
343537675
356409988
132100856
376964087
412383618
519746310
251260482



2935818
82567903



18529666
1532945



95015208
19920629
2961628
1391824



1737762
3508227



76710255
11231124
18340044
1720968
147392955
5513774



1501862
5325273
401359
493646



92865212
6318370
711278
924668
3466346



6460764
545052118
1423442



3833540
17920581



681998
1519023
4731691



999755
616915



50072488
1411007
617116



627118
3184172



618223
4846964



780779
1228473
28037397
30005598
18087600
330094
2071743
323633822
1397646
11618793
206857068
887565
620142
2253856
619634
767696
2086274
2305468
344796650
1529076
2693345
3238991



623209
17831371
1926639
1425316



6702668
4262350
5399200



1054527
1072893



16688254
3441170
2197558
1677683
3281846
6038738
3713406
16014481
3193436



1485967
432543
712265
9487242
5860338
1318249
1396348
3552906
2243312
66987793
1307514
355124
3803952
5308155
7432535
2379425
19386920
56505209



4336262
659522



437386
20270209
3300569
892245
184769651
1079348
1171359
1513389
1711693
1193881
202395408
572874
510276
37173954
9678950
1326551
283227231
863591
565421
1497424
1969331
12997250
2402706
5059975
3245742
1250701
4856362
1442525
1599802
1026212
1882414
1098949
203619
3765789
970857
5328788
1056543
1459974
2903022
6766168
64024
202109
589377



2260724
4463821
168549069



335450233
3721873



6283830
972560



1328369
5656118
278263868
175649064



4155373
9700094
749387



1574916
165956523
1549528
1599941
1994727
595969
695380
755104
34370156
3504007
7881660
12147542
1121555
5674677



136217294
2477775
5964438
67486848



1867129
4261236
9459454



1238597
16546532
1892597
3126658
3409560
3662789
2682621
3883260
9727799
767487



790999
1339596



769631
1550346
1588282



297902946
17678660
203896170
676706



349074
6234338
2057161
32613371
781477
6703464
3695899
783212



855665
4222856
106859127
5208548



1128805
234213
2575806
184297668
566824423
926932
6810698
1914525
851975
2265251
2274077
2700199
2282324
8021610
12946456
6136751
13961405
3412232
3393219
11760678
3035524
325068080
783530
1750628
2205705
2340346
1441516
3103154
1358532
1170143
4067273
5281241
3208085
3578558
9062571



144821452
277354415
257741619
33679547
1675069



973292
4328056
12818501
32686280
99177374
204969704
324698729
422346306
183119030
529892157
537457884
641177
98169314
10365838
1388839
12467048
1916821
598812
134341
771347
457694074
1327458
207450
57113971
320351814
323452121
8414808
314465828



136248
687342
688995



2360563
63850351



4269254
103706939



2705257
587522
321906897



184839710
275269670
256604420
536103174
243357365
426541954
270359280
339139859
345815221
438338671
203682757
133246798
404706420
422742946
341197424
85623181
213541422
571520524
174005394
135597158
214097202
225436190
246313029
5709731
280334178
299875340
307528100
320850559
339751004
247871110
2661969
82648804



648112
5356268
1396594
1415907
1978143
6906449
3327546
2762942
144033
1967515
13245767
540674
5467484
3060572
1653268



1667664
385697306



20597794
51711598
1186428
39866926
41138333
359939579



1086335
1383796
164038



1079661
1284429
966667
398460
2790056



60319299
159618
8434969
51284714



162236
1193201
1245017



6713880
7192489



175098
16223701
1147722



180431
55811900



6769123
5512088
132217647
185001272
1602011
60367809
293263718



428381
1778416
64448309



