349944
49074357



156372889
372826



377004
24946012



878302
380538
837264



235634717
490777473
397586478



79397709
400838



2070817
116377311
1509348
577480
620351
985870
406812
1056364
1244962
1887218
2250431
3060575
3448530
3485158
44130190
332949899
576528433
37952
1182206
2594836



1325420
258327059
61410



3494827
7352629
8160311
9284507
9878625
12309057
14299865
15937615
1572628
49492341
72127894
8918730
177728098
3365454
204368000
11603343
14170968
6033051
213771815
5156987



2702488
7683004



686396
220246900



1231226
1653142
1795431
12852260
1868211



1664382
260631431



2224771
235077854
1679436



53931370
1602785
382222389
1559154
1742219
134235031
597154



1754605
5975582



1801062
29798135



138112243
1818263
298933



1839887
256066458



198454135
1864111



215718665
22089043
223064644



212884426
218338222



44293581
223192994
152135237
28545191
1917274
16943224
38933117
92009917
228197620
3250734
147862130
151420076
17106667
27738841
151656914
136422532
145771751
57771381
271354405
37048001
13832242
5717259
43302113
10278660
118372565
2903020
52728125
135847015
5129494
8298941
8551187
81978710
85132547
137719875
72116805
146908661
214322320
151313085
19770627
36950783



343832064
350807515
302531082
444142288
183008048
527830091
3121494
353545786
531811239
517727698
559080649
3831728
247753373
2520785
492769
3823866
255038526
590990448
448703712
470266038
4557587
22842014
474979907
411315268
532730916
539948474
580732176
541070916
47885195
69125097
591048878
206848801
377696078
673357
1549019
511989100
327074323
483384954
50618413
25332546



378880
3853528
335027883
6691251
252925877



6389229
3824553
1196423



169839117
3845314
557561557
372698134



2101387
49439112
1355098
70663485
187332266
1619239
118683907
143938767
76388561
382361766
2223633
364824462
148925634
2432796
2181567
3898882
150703446
204994493
144795167
4869110
2461992
30166
1347620
59275223
4102329
27754923



222617132
225355108



193256
189787604
304985114



110591347
3952060



59464113
29156051
4026591



6203459
4732419



14865439
23980407



145318765
4219803



5931467
4231702
4770900



207799541
4272765



4355261
83898419



6769123
5512088
132217647
1602011
293263718
4428264
2278519



4611210
329829729



10330072
4892805



4925172
59107462



44470100
3795852
119659381
64589973
439289002
56579500
67963576
34566837
5008395
71115248
138889778
79491719
84887798
95527759
50217139
95658062
96688671
96882448
97416098
99839996
101348503
104570574
106956823
116704687
62469652
120874313
8802043
125020654
34843001
136506644
52185600
142472825
147159610
157014438
27840008
30198022
30857751
37125363
128505519
42404807



229904184
186262365
134047366



252699986
236608981



208476140
398156436
140428447



141474364
12761718



131791875
144529815



193390795
145240220
201405717
165646676



225015994
146007727
284922735



147231824
147868806



238985544
7752206



238622764



4891860
241554281
24069514



361723009
173027189
359134959
101857225
714221
954313
289192327
213236318
156020143
80571903
332583983
316950834
407944883
186058074
219938102
177787443
7220300
225186254
304997889
26614769
365126459
264478183
377511586
424397339
520459533
565977407
274429555
547947227
344214606
197618534
223704896
175918637
171448052
5356156
434466230
533559666
313746561
246926615
276215348
278350130



561492010
158411248



158869527
205107546



19068182
158906413



164820203
154228240
237802852
160571564



494276079
160916564
160911058



186331782
175617239
332364288



242648812
492995979
276129148



235785067
162305266
200534989
227477702
243857857
247995281
268030950
31858582



16011381
145894797
164292196



253443396
11055237
167566675



170166484
112251702



170929153
250224611
25160196



223818948
171357181



171687729
224682122



872338
173272328
520729603



173764221
192249678



176572972
173498559



345469941



1675069
277354415
144821452
257741619



207450
1327458
482482
57113971
320351814
323452121
1916821
8414808
457694074
324698729
641177
314465828
973292
1356980
4328056
98169314
12818501
32686280
1388839
99177374
204969704
12467048
422346306
183119030
529892157
537457884
1397646
134341



687342
136248
688995
14895372



5781736
48385127
146850870
53202306
1858473
4447150
8554971
2929402
7670072
7227186
8490302
19330437
4048230
17895248
32896057
5324065
6156699
6162960
23730683
19526191
6270362
6312355
267214675
6026527
45207280
182987562
11971326
39336649
32294045
12304487
557314
7429530
35817192
1679382
21881472
205370647
32000941
109177106
4438830
4650609



2621073
4915312



814917
28652779
1518179
248275
1023101
380892
520127
1368160
536452
2168624
170208525
6855392
1865247
462871
2538003



1486213
1318727
183286
1021555
1704990
2237548
612525
878702
1127720
935170
38935717
694703
1644351
217298
321113
1574442
593759
875070
1675907
1545843
489148
1806848
159053
970447
1138220
5151085
302990
886214
627998
1223950
1547708
330830
1450787



2790056
914247
1284429
398460
966667



8434969
51284714
302607258
159618



1667664
385697306



3177420
385627042
3140871



405406127
168688146



178312578
463776836



319791
359939579
51711598
1498165
153535
1186428
20597794



133740305
206866891
50164494
20458730
49030665
79907121
2564028
62907304
204600866
90070929
59909352
19607837
138247684
209681732
282596358
45014187
36752745
137359611
53177655
94642914
94643239
18615
157263153
8418673
26139764
12919340
25852426
25083321
31318791
38481243
40607180
10625647
55260491
1339876
158847467
7984202
24418599
25333736
46574360
139530074



547091447
2339443
61693029
706283
95849916
106442196
59611708
153327507
71859666
180326500
184959171
192186264
83043415
196882591
208360942
3454779
239108762
243957592
247987625
291927399
301097082
446140929
476574737
217509642
125075648
126421386
212205185
182713909
11854390
90585744
107558303
272035623
507460779
200475832
1952528



135539988
221225013



38847505
21251457



50307188
27919436
29480265
86711045



22555688
1369341



22802949
138157441
32717748



48114761
71485901
97685922
112085510
24039970
87428533



90915751
45267255
27372420
26591212



26785285
2190291
73341593



31724785
27205954
53473602



109832264
116306110
44142979
206117242
132056918
182409893
429300882
183894259
303500994
242200202
354197096
274215097
159990109
69755578
215682424
77634133
334934533
230992155
19650415
34381072
221705833
23175098
118798330
276798750
100608880
20216275
71576077
152758039
300286151
34094379
157417301
157445438
27296322
156801904
321837846
79517210
32426100
248297907
70678073
93734922



112122354
27540517
27060873



63099843
27670351



194864711
28321846



28724748
44692752
70824270
71580191
85247692
108875903
126180557
154394783
157013106
145901397
438361177
182289133
334394785
116012399
13771051
28408034
294978794
147332981
1518010
3487522



5257845
29316226



3759914
29761227



207259001
157733847
33224084
158270233
223274899



33227136
57697607



302572
804207
490903



49511361
268034715
87955
535914782



169350926
158545
410484
181636
1219484
1419776
1218767
5162969
2162552
269468103



89026285
12474139
115535376
413540672
249989102
1290904
3801284
7293309
507451
83861
636852
719438
3510923
1458024
2444199
700773
256609
583855
570459
2078700



68504419
8050499
8475690
42233
7950349
69344
143554404
8404602
152334114
284033708
1672761
3354588
227923755
6675758
9785428
2173664
8661988
3109250
20015073
21187163
29032904
4726952
4756068
288843533
5421412
5545088
8063340
8863704
11639803
13915230
14085717
17744301
26151177
28037646
31670792
51269035
53050368
53212318
12289037
56791375



81928866



462561
64288098
743129
2465565
7202
216257331
152061
66129
121948
981382
189669
604946
739664
1572707
182404693
903
1611
20875
51678887
21723
27121
90692
94893
113332
113704
319318123
186781
200786
364614
364658
382620
429860
103081
530339
542131
228
652834
2936038
9540
4143643



4893
4947
2645
2707
8357
4735
5709
6090
11816
14769
7438
10547
20271
24067
92079
109489
142717
120424
181306
220344
58931
177448
1118
92363349
1840044
1792
2731
55038
3368
3422
5862
2258473
5945
448194
39924
14047
22351
1876544
34894
20507016



959803
1322487
22696222
1342717
2079629
8331
86561
3281409
11427
409404
504858
3340072
3767499
90070
3053472
15607317
32162052
11163651
5155743
26950503
671205
2146623
2848770
3133429
13767351
18593786
133293563
4803
5246316
5772
45769
101361
156441
238583
317025
399013
21080273
137266
2145242
725700



317766
515721
51663
24815271
3962
140544097
468654
287070
107095
419892



28042547



854090



87574



45756983
1405
1860
56161
88060
97411
40212
49518
18310822
207549
79672
1252
194750333
2767
3646
3915
83117
37330
4163
5768
3685
6317
54598
4312
1095
261536
2155769
111251
999210
57973
73121
137155705
1213
2694
3736
3888
1110
1119
1127
533



461519
22875457
426297755
432903488
904888
1685970
276308360
1985648
1835967
144170



1245017
1193201
162236



463978
29642
31132
45126
59967
73642
277827
6414505
316695
383346
53605
210294
98824783
68203
73368
11809
24284
420503
824890
34253
123629
61984
50712
364382
53448
67512
112182
401723
265377
458215
826651
60918
56221
389711
97705
174868
370439
2447
65665
39728



16626
8060
1283907



938338
1214540
6569220
5336284
212911745



2926915
940914



942726
1106854



293270973
407993
669094
1527940
16923921
715858
951885
231918
1948798



734777
954176
9544477
49730750



133394184
957326



965390
33482
1665306
4484953



5013777
502486
504650
1175176
1124754
2009262
2059261
1927100
2410280
143491
4462005
22183365
694845
2260814
4789441
328128
372523
15629834
4818409
787314
142748
686555
6159638
30383996
411269
1642795
1947814
407827
598002
786190
2303746
2050930
20709375
975425
1441165
5055464
23357286
251555053
1134104
119121



637932
975771



1827409
2344220
975740



6438654
153986749



18110719
978942



1013157
8620563
9062926



1724931
1637595



27086779
391920400
21411516



1415907
6067933
1141514
1142726
10038234
7520075
6913349
45214435
1021749
2457175
5066943



4245016
2589330
9112393
1101615



5741250
2348644



1428818
2637768
1813559



3221202
4512428
1197345
1451996
7896019
1029939
1173335



482479304
3902415
92412827



1056543
59324466
295141



1111324
433884876
3735159
532859478



4271584
1095575



1129593
334621855



689564
1435703
52360422
2208216
22380455
139438923
209987831
268677433
499972871
6162416
505242146
7109311
2607613
458970
1396258
8727139
3556070
3854622
4926456
406188975
7178803
7239647
233432788
268765564
273394194
522073861
26904912
32141982
13848931
123512940
33742014
2248007
54620855
992473
1990740
2082528
66644801
126919653
170967346
559870299



61381700
91105374



16688254
16014481
2197558
3713406
6038738



335273244
21115578



1402540
338002171



431126
47936838



439824
64689252



3926280
322128639



328027
468685
1204570
163234
2999291
1280921
1348398
108053
713937
761239
16047
1684915
5842849
425200
6573989
166662
378781
590923
44943
295811
73801
758515
118592
1006084
463252
1269456
608486
152871
906299
704106
733488
458286
847051
1589049
1108019
904115
4794834
1542745
128926
815294



18754209
1465974
15890
3893799
1546421
103719595
7466968
3358426
4587546
6016288
17954442
30810047
85080164
2258394
2545159
2688419
5615944
10875064
123454
142430
84911534
23978709
6408999
16203797
84633459
1463865
12985778
2442254
132100272
4855997
24968584
10051843
441027
5245916
1558320
16428140
295820503
15793630
1239350
1189043



2815137
53872587
58845952
8465503
14236094
9582001
72441444
9358381
20491385
443162
13719509
4125263
10827587
11701474
13031355
8457898
30885385
30900203
59481910
1728592
72845863
83374016
4455938
29583643
65050603
33908909



1491888
4839262
4749571
974947
811920
4030608
1301380
395171638
456930
50342696
886213
2453266
1618135



459855
914693
6131836



1599802



283923483
1809306



68658996
228209283



395795
470959



3940771
12448828
136994809



1556824
2315078
2282550
3108997
88201338
22593527
1817186
5201300
18119931
8857392
50329040
188817225
23126814
38500343



17392117
383598556



356514016
167377752
168067189
292225524
173541909
174733083
491802779
195241179
471780
369931
187743438
284369798
133883
214273312
215735402
218740199
451221683
116643604
419044030
391713756
156061422
330011470
263553497
49743022
139650034
91490774
284083600
522673653
20331071
144988385
36101917
378246074
158113047
391300042
159529649
401807745
162146554
162438490
166057533
166480875



184839710
243357365
426541954
270359280
339139859
345815221
438338671
133246798
275269670
256604420
536103174
174005394
214097202
225436190
246313029
571520524
5709731
280334178
404706420
299875340
422742946
307528100
320850559
339751004
341197424
3605548
6665694
85623181
91812264
213541422
99282672
135597158



147501601
10434305
970254
14439069
9110683
476264
42036949



60319299
1895808



351886421
550941981
55082571
171254402
231717455
174559513
51149165
189508888
409124924
207577505
759228
219083665
50943887
226124507
228748426
232598048
245778806
133435397
504738674
13127346
1140161
73211974
2046729
136743608
60151925
121378062
284907112
440613167
300644265
305227494
222437971
415629974
214301142
154062231
253632126
276774176
81966681
318216094
376964087
246242540



1057709
2722641
3751947
4070738
1920948



11178268
131578198
137151521
7229918
1925168



1929049
7533465
107790116
199932959
539376355
4875796
300329410



4643642
3326301
62058769
1946082
1528107
65965308



12914856
568193
1952715



487655842
1961535



1979697
13826150



1987393
20828994



895162
67203839
1743074
3912374
1995837
51190211
394884584



2897441
3216953
440102
2005496
75016846
121444862



237427820
221493415



56575390
2039107
107973002
158288589



588902
9238613



4130953
5976056



887565
2693345
2086274
767696
3238991
2575400
2305468
30005598
18087600
330094
1529076
146430279
780779
1228473
28037397
560045602
620142
2071743
2253856
619634
344796650



49768994
2137217
9013211



29449927
2137662
6806112



54913237
484775121
1217800
2146999



2159435
4067273
197837684



54874748
53037222
2167857



183990200
500324785
3651143
73097780



2305566
1864263
142312411
6792455
2259698
2425111
4881400
18188390



5242081
2265467



55811900
180431



16223701
3468732
957401
406978205
135030741
2106626



1147722
241814955
175098



64448309
428381
1778416



554173
25903098
432993
500460
561220
3727825
181466
534325
355568
162447
1233660
1141520
193532
248121
1230038
528222
1225626
251237
1755092
2165161
2136531
1703468
2275823
2501462
2265669
2727343
443448
1922640
522234
2263217
12838323
2978339
49372895
359137
700446
61391275
367432
2141683
2832818
411432



250357
182732
391222
877691
8781
2897993
27625245
150564
26433
382521
450992
49290
471745
103061
137789
140979
279860
893912
689156
461445
432895
1125949
552063
114862
13366200
577053
2144888
372506
442421
75826
214982
985727
1386567
50601
114877
269743
195631501
336737
377261
424811



514705
540229
954150
189305
32128
365430
9000782
282179
206178
350888
561885
140315
221615
6180
155861
193690
211614
119077
239031
161827
6926
165660
12808665
31105
6416385
64358
209642
80381
734551
94708
71410
101675
465227
33790511
17282791
407854
173586
217371
408979
389924



465459
7208564



190468
266770803
1321978



6026826
856181



193247
199324724
6854347



17221178
15264826
771347
226958675



480648639
194162



3193436
25651077
196772



18060464
196922
2508994
20304
3914594



173093789
175044481
25751711
16420623



558815
273227
302811
557509
660817
844130
1019679
204306



304565
204535
288350



1691051



16084189
690331
4298762
1153292
15910865
5243642



6858371
2132050
28877095
4478507
8468801
9817517
82285287
20051386
318186660
7702346
33809596
13534025
6332221
17189725
122684351
76911803
8515112
134478814
61409097
9845322
58331660
133808515
16915758
95612015
6524188
30331926
5489298
52751881
27188946
100921849
262982550
169115580
4647642
4332478
7512655
5637116
5745334
48571872
19598808
207249564



21862986
212093
2708554
187236627
226934517
541320
272751924
633720
2060013



52042889
237857337
244474708
218108391
352691695



225471033
174017900



175026976
268841356
236285998



247061088
120195642
921614
103166623
176071649
15052431
901032



176061267
279869940
17572749



835414
35496886
116984281
146252316
193838956
441990965
223280895
445797471
511373
7797458
524896396
156844762
94743574
1383867
176086735
431415564
555313
217352281



178261559
179024095
393802968



196236520
181005653
132244779
170570973
191271589



225750115
4174803
296995146
306182323
294535023
180034779
293202555
477273377
219875795
482973496
339664550
248668150
382840545
418690100
301236668
20009871
375683164
160931851
271231898
254350168
182812373
307113207



38059125
183151919



183968780
8067581
293138008
202565046
26793507
294134321



62233621
309692494
190721307



210939197
187612917



190615189
126785769



190733228
232195217
401467584



324663386
191528666



191807862
217900374
195482102
223980274
215239705
218419428



192512119
473337021



208907526
192527691



241381789
192610525



431077
195627563



538777931



198517716
207793488
199070404
200789981



201222820
198743837



199050600
296801304



199493122
112702450
94009



242821246
140898581
49482493
200279571



6428114
53599093
497595974
536175989



202893888
4549450
236956901



287403523
38215107
361065651
326350262
7109430
500806372
409585486
542181300
526427766
366759669
330685263
273904732
306685457
440762789
162876209
15306925
483533787
457931947
487271441
594342975
238424004
455049530
488983361
538737895
552969971
555336780
559732684
559423295
368666961
560768954
171624971
244763473
270820963
304988068
404843785
251159614
356958166
398412688
470595504
587347382



236807623
222825289
204105852



205286506
151668481
214081887



392129761
208244035



229537059
83164357



247064990
89978826
159769273
171332024
228637617
252130809
234426651



209329708
172091599



217445890
229274712
209753330



210164031
173017534
211402764



18257111
212039251
248815725



213849001
117050225



1992925
180877772
5026760



13456836
1849273
5052705



23778886
49676165
5250885
166188383
299540187
57586194
186883929
307061794
414285878
1242903
298924427
35738804
43605412
80883558
253072734
168040660
162593777
3614550
8884602
2669306
168729975
133674817
9760262
408434
5715434
102003625
245297177
263381892
158099674
176074205
463097
200230866
466233282
9651926
137640821
156231340
40596275
106559571
11917227
13369621



660622
8097818
152390340
5128656



1653991
458562
5137303
32033508
55827371
207971556
1562317
2003464
1194344
8836881
235066
166657498
27314756
67284700
15461463
525986
1860246
4503301
288655241
841790
3119426
321033166
17141578
1555421



5298090
212397827



125006053
244145617
5334129



5353867
3765804



290915292



291025
65847857



5354320
6318370



217028366
210235599
11778423
5540856



254993600
164038
5371786
156291087



351238679
213178191
2134246
430868769
451940911
6960304
101101057
258245305
258270429
261978624
270085149
238683
299034253
1031354
55277689
5546202
354278881
368909093
392596757
431493170
442990485
507566085
504903221
543056136
21773209
95927720
154599424
172985773
178412213
1509277
219165125
159250955
160799040
217841709
134553764
167105461
325820549
188822155
207634555
329751694



5681611
26549982
15582211



143688864
205619476



5685446
414284417



5858413
207975022
459890
205949713



657079
351621975



6504092
32200692
8835499
5926827



141293326



192543352
6143188
177076135



103721075
8663259



6196273
19837666



49019665
4193634
10052234
208760413
1077313
1595862
3668887



6274050
9193878
367394557



6288051
5904431



93203464
56109258
78682849
159710220
60448662
19086675
88941636
34370289
8736457
43625549
11800347
3808014
18239724
23886685
48505374
25464472
157236118
12850144
7022092
71127705
22317489
151915048
114728241
159849816
185396749
7414366
7852046
96106802
18393314
31825840
51440548
20471032
278679372
8524632
23709373
31745215
28755723
182143268
38372751
61929194



236276755
137483957
502391797
254643490
586786273
11355501
182883936
287232893
39584312
352136452
372307249
445288962
151681852
340352532
191823843
457138333
226091311
368296554
334224369
60699514
186112419
465195308
506006503
221821499
5206410
506798351
438040345
292605387
455605603
184719279
98929641
284668331
203568826
410217461
161156524
155392004
246201678
255640199
10038566
277743580



388051158
393721250
475088010
80872660
494497425
406865183
554977491
525236324
300533308
395501124
562448223
566824129
594343590
2365957
92887506
454740582
471265997
553203010
535837425
565773117
436844823
563886417
206600965
374808139
9361038
23415551
9635879
139515332
564041224
20263785
168583014
33979484
381640043
535569634
386556654
435357448
389694839
477955551
564026685
580865057



158609343
6432609



112677484
6461727
16432916
55368510



6548042
47442323



334678
198734311



324726940
6562499



7192489
6713880



221779993
64431958
6640055
132040626



317204
6823134
242739930



6830433
453065098



6866304
226977951
160624288



81964090
312935027



76255
5931000



175910
76454
677129
216337



308416709
78588



84565008
394564
3020070
6249014



381707116
181484
4388566
7127945



15196399
2163037
6239891
1060996



556344329
87881
1541041



5739358
364050
16337487



8804631
2253972
2002641



53458889
1409539
176641052
1240855



221879278
137495733



11215628
531831



760324
2304626



1730362
3741795
1247561



44176876
10576400
597783
5012391



34431249
93547789
48336644
3142437
32383401
73748910
11027712
6517156
4831464
17278900
8089300
26821662
6343378
17838045
9308963
16422895
58914157
23263577
23585127
61267269
84089436
84307780
100688188
7092835
7300402
2451291
9819308
115816091
11555302
17085188
53313075
11399188
24511782
25685811
29667571
56029684
3879652
4679260
10472147
59990155



10188963
1951821
32410
413320952



369605828



40367966
34335056
50856109
3709526
48520496



230639418
162879238



327019389
172887024
54109687
34414193
59069561



10242655
34764454



176235113
35293717
3653274



35205206
94267111



35538484
57328353
146568945



36286929
55823231
83776475
91854007



365468363
163327651
84787023
106005339



36722474
42540588



140377214
131425397



291046767
37597190



183533870
102272391
93069073
83131614
43031573



477637311
44903902



198102209



3013119
16491268
268030778



419724728
365100728



48888286
174380646



361426414



270071005
49730393



50669938
19593966



50513147
50521420



20199520
50791109



51733187
76189850



63596076
51170087



51279846
202263728
202966767
260483733
275696092



51387912
1678850



222904353
150627353



480423240



88303962
53803356



191219147
86727916



175338057
53946154
97236887



160144608
169405345
172659
54159073
21662397
59198554
214092789
43021457



1759772
525354
292604
8908779
1166147
3920404
547151
3768
2744635
243657404
495282
500233
297118
1113
74614
4150
44126
192575
366477
1803495
879063
420314
374537
365885
376637
499736
562708
569736
574405
179784
60427
179985767
4873676
189992
535440
1500336
2164040
1392406
34777
302876



5933121
1058047
1833019
1698020
108143967
1454465
1574854
1095310
1528158
989378
782257



109799367
476488
8057657
267149485



2446475
482355



126109158
4052200
481382



102060536
2244929



1960058
486553



12764782
26059554
491953



219986849
80488632
505989



40718649
69421057
100801741
141775978
153014981
229332102
435631739
2573188
69831324
13251003
52769708
362810
269515958
809577
11024929
18525346
348227286
163705913
543927
2203645
62413872
79717162
23498703
4830207
110152713
133550352
2961866
6579681
5879102
3318184
26146
6563914
10936166
5446628
204959678
138081922
67462538
2786573
12279415
7793499



254219792
309711707
7707700



10479969
197630881
173241643
4767522



924668
2993123
714884



51398270
521823



277244090



4892087
142832818
8802384



431081729
438384769
28586550
523177



312797934
58627084



534030
1513351
3246849
895922



137733
60739679
1734069
33865
91780
2735970
94192
436454
355775
368399
285320
329842
641185
338747
318406
370229
331466
394767
427127
44013
294364
453863
383375
1751815
518152
798702
7829908
5525582
650412
119560
1002578
100816
445778
6157
399256
415640
433591
263057949
2506515
1885927



174065059
4456796
17355155
85217064
22052542
2783717
7196773
3085771
8902553
46431281
2389500
41750212
115061822
10043328
4725691
88294985
3890876
6334069
6858415
13539445
125613
9598837
109031506
6552799
11708234
7773732
24717723
2716902
2559236
4450311
4786585
5858840
6694338
5364751
9287196
115567841
12544168
19119950
49243585
38718189



4607671
3087280
3392308
432493
105753988
7064802
226051477
890293
46108220
2151163
188041084
269078991
2562329



1059679
2498251



1512533
482756
474484



1188328
6
316822
936595
1136865
1450071
12652301
16587085
15385715
3426726
19336454
758360



981612
1464021
3212490
54771992
78470840
1520931
52480086
1234974
558257



224876039
1183038



724977
1149725



39866926
471007446
3100561



27312723
8921958
560544561
17784496



4018682
6455269
597025
1737602
9707774
10338243
88215772
55138666



6329136



7314
434863
535798
3547871
233395
8507
100268095
9741
11161
178667038
28990522
12935
49681477
20926
21817
586016
131653410
35450
80872
39769
231871787
129094
58412
1898069
81102
10829
353707
29080
383780
15032
523322
853928
3997
40022
94202630
99374843
2745
4862
46733
4517



33510
281866
167559
76781
83139
104002
55392
548276
2750
55397
1229329
964078
1468031
4430
35774



12932
1632852



43003
43035
47795
49784
55648
62107
62383
190968
76608
79133
17323710
103684
17691
109381
42414300
493135
207414
5106
267393247
319843
892314
15308305
3815713
24169368
6299343
3747
4799
5405
5733
5760
5770
50069
5884
5957
7967
8704
9841
394196
560429
3597



1535896
1566090
1167118
5882170
1568781
1639628



4219301
226529846
2188786
1501434
1522961
1192118



55042688
24122259
18235505
14172103
274821249



1585666
1935752
18146079
93092
4863345
1594970
926932
851975



1268042
1813477
2100485



1199516
4097352
1190022
1189266
300292625
687602



244143277



12801616
153768327



6274619
21289268
591286807



1210897
1164192
1254483



1916626
1344699
222024282
1212353
2205705
1882681
3316468
4071101
7693018



1216012
25363



5077989
5917191
2469375



4125023
9271143



1341319



17408454
22502231



3458038
2015769
3239888
1465169



13713354
5644306



516734636
2278696



189968636
1285134
614103



1305822
1328939
57239526



40957964
8519842
2112093
1462482
7856646
2046917
13940890
3930546
5973536
12320421
4641606
3437559
26740307
1297496



5860338
108725486
1485967
712265
2379425
1773345
2243312
1318249
1396348
56505209



21765643
10078292



3425522
2972506
5194852
6927224
1334895
452646399
1763334
886064
8253017
9774070



1346960
153114352
19076234
154382345



1050973
611063



616915
999755



4846964
27564527



31350832
407602940



222639360
1397798



17599375
10756084
953190



222798587
493198



2293536
1658707
27867717



49313710
539394320
2300831
5583761
66264776



166228728
76358134
1399774



10253233
136245418
25127870



216865814
245396217



360317146
332419163
308375404
184189446
408105842
1775352
326468183
153214383
29769138
249321631
132567566
345627175
504973660
218925575
218711302
167212840
221801787
255942853
223957365
251383000
422523444
292264381
343138191
2343367
229573680
91872011
237158765
248361682
362306768
448612364
498274428
297747674
258345727
140888483
382154810
182195652
417877759
323604279
450179046
251418712



71157035
145003131
382219339



184183741
2378454



2383226
4490799
2702997
3229131



14133126
131799952
2596259
1584200
226365277
7807267
2420414
2920103
48026708
1834908
4166878



54641926
4767372
2413525
520549611



32689659
501359827



49551997
275877345



99103961
3441920
8690486
13490413
15728471
1570444
2130792
1035979
227827
1753962
183646676
467403919
2576213
1983899
3226515
2864387
57179347
3018488
3313018
3741858
2582355
5219537
5823813
7928645
189809855
1883852
877290
451284620
8735141
225511584



8894597
2424669



326194468
225623376



3971130
26875379



195640015
489814
78552762
715311



216163995
222608429



4703389
5372695
2474806
3366726



12691926
2485090
4262425
5125054



157043892
514676875



4842456
36069202
3005745
185838519
2487666



11073301
386299124



224337960
224564595



64003557
28512023
69624406
36093017
63300636



186726359
68745909



86819615
53880779
52049102
71243761
22613039



227524656
43663334



479435080
33645214
1327059
690878
256863
1184494
655268
8003176
91925689
3439157



229489696
229592826
229597853



193518898
2570609



230659295
210859372
215477540
201895372
24553878
26488543



352829
2576828



235293036
231627764



1696230
3467351
2635283



327362270
506393732
2614331



14176097
2850768
2690158
2912274



587522
321906897
4800557
2705257



4891733
2707053



5859849
2239957
3398253



2757534
19888928



2790953
59774306



8817341
1111387
2791673



231890859
193484363
232819233
387264138



8841394
9081679



165006493
2857423



5562688
2886043
4011619



13186380
2911225
139453711
3933777



165885989
2911250



6410242
44508774
3036568
2971191



245862336
83187327



362968667
245915489
200884715



539962204



1677683
684803



40084814
685464
280827617



2235673
690659
957575
26451044



693732



726270
1145040



6283830
972560



39312864
90904915
214108



214109
264225
299537
1366642
25640040
63646439
168416800



428761073
221809
4044482



84335373
4825392
547722



223911
24559344



7890017
1348561
546534777



399924
1530981
1596113
1741252
17147888
126109650
282245894
3941362
59897380
85496521
96411293
4041114



1506097
18463305
1651588
15746141
383001
5863580
55649460
3894851
328141398



2821223
157243469



653623
1681960
406102
788596
1123847
2177689
8640
931820
100628
295003
384218
4707265
860875
1015007
1057998
1073109
1192326
72981
1279504
892700
2002399
3448739
127986
592806
3443171
1000643
593882
898171
2038750
178414
713911
509840
958898
1056854
205288
291720
812666
101344128
1254773
768925



1244860
174339089
48113
269324
1449497
1425564
1143031



134973059
175649064
428195661
1484065
4715982



2477326
1296285



9012815
1361612
1870509
4394102



9924
138685964
169070865
406256595



802739



6823480
690329



437764
4360
195
530523
214385
7207
23258
29046
85340
275683
175571
54713089



6535192
55541110
27392460



167704221
6504320



146614239
140316277



55699584
323671611
7344951



141580837
24798473



590974820
579294979
454861406
561498438
522830467
455362375
587895400
456686568
590415705
447476108
469814372
517977764
542724782
582196703
559595186
588089683
599317277
564504327
313017509
593849930
357463461
588775814
493236836
556999521
450344056
572997438
571885089
502626383
585120091
525136660
412471605
573359182
591605881



29320147
57482052



86636734
15967495



5064400
330700609
1889926
57360211
339074850



3944172
200885815
305356120
58094435



119533235
239423744
382722
57520474
518248
32323192



59223816
2765618
384275512



59586985
171161221
217046927



60473412
194163826



191911804
61280716
127486691
234208771
9917438



235605387
163425214
62408529
236611309
4735952
84622702
266999224
106574333
355179800
220644333
204748774
268113939
97184344
163492368
174427399
457530720
181684705
173929980
491144407
396978212
163085914
343112395
106951645



62528799
23440380
87036430



62857482
2417694



75989726



229678383
239229264
139906314



48056968
68920750
63410271



2360563
63850351



34024142
65758066



498137237
65864136



87830541
38368520
66437695



132323909
66600992



236428961
67259216



34844422



72571805
354853002
214368549



78525898
18670260
232232431
6873505
525272023



266692290
78918705



383215840
194422622



7807998
431105333



341465402
401565188



80890376
559491292



6580667
482481201
81089088
176517537



83226152
93817621



848093
2081562
83330935



16435010
83877982



53165914
136199309
57399615
17298867
25561783
57298775
47078458
16506913
73749781
4257853
88496860
16879219
27271134
58919322
22886276
77866639
17722499
39186589
42097571
7949548
19509513
41656507
35810920
78970670
85718891
70786321
86717702
63066760
87529467
83981751
43359780
64323497
52464915
29898690
2514760
3162480
8103747
8286507
23382119
34701643



84013543



1052321
1431035
4055350



1166343
171348493
1777893



16931260
222560782
92335803
252130151



22608018
29858523



109811
3843342
102039140



249231161



539119
113557
18440254
297192347



3442087
367371
102841



1353564
118943



42456680
2347392
1024182
1541449
1559014
1835723
10002271
15857384
2036749
1529281
1398894



1351146



50367295
54093513
2117243
12324767
2351840
8677967
21211217
88062216
3395383
105667582
96508534
35711151
51167213
66322552
76084619
141594309
143057534
192947183
1403645
9585685
5303950
87875480
13554407
40262898
3200446
36851367
26287276
541053001
18108357
9030088
13667905
44570321
25467770
80970421
15743995
2657810
23883712
13463608
39418294
26552123



137845838



180904412



10560407



27438068



76790647
213384608
296292445
377030069
256793488
39928427
292217520
169459510
294082709
199482708
304980544
70915549
361414339
138451901
84797484
253005098
360883672
251655523
139313913
53576250
84206996
121062910
24537285
128313246
134291367
144628503
161763968
184656728
194297801
227396482
235217510
323581651
51932416
332802222
6105289
395309889
3131203
161767731
162036501
165571323



994700



3211052
6928515
425185927
14472063



178114798
6920698
165109839



214610456
75181096
20362113



1607131
7033738



7223953
10764957



60254796
432152351



30691242
17088976
463609
7579711



27605709
18286446
182260766



7543304
59170922
15728824
129442344
97989285



65287281
7580575
1208290
367850246
7355667



7583472
365144058



77109277
98458102
4012154
50490792
24364104
4908803
15175824



171339150
371083395



233260276
214840
51387644
5371392
1003803
428804



60490381
214812422
7852184
253784814
6413233



66360949
133898978
134741370
136848204
137826446
144392216
230141639
148386333
281523875
166823591
172082574
202590157
237055390
255476890
267267231
158680203
40890151
212698059
284539503
52450171
321371476
66835995
85784357
92687646
20249971
59272326
22376432
227935251
7868404
3570035
268831571
148157321
65726355
168031397
31741467
38987952
176920866
183265882
44567317
208454576



184580248



97820449
30672478
8973985
101253978
93107040
88913920
73197194
46022634
34940473
54701135
71837643
74523694
81708683
41439987
153698905
8683036
87826999



3248581
8204083
409013185



9569070
8291532
128245425



321629018
23640242
8348137
125082989
15949626
97157630



14411985
8417108
231536981



624671
590844460
8536236



445474278
281577579
8638858



3895538
430218262



68659344
200330320
48224663
200770625
51172100
117152848
190180986
240519308
22591508
144391564
145327230
188997719
212494651
150117817
97889822
59411366
100130792
353231026
80472520
147814333
243472242
177316763
72457401
73197364
134796121
93298445
139167333
267601283
123629256
138587968
188628551
21346577
19246967
52000540
156607095
146458631
72021747
162635415
210086531
87839451



8712894
12289821
1059440



48143498
89509180



8893788
2204920
226043042



8784068
9579006
262842640
157418370



12914155
8819165
136231099
100831496
136648388
137528912
78196723
137659832



7965178
9054915
77624218



28677746
368352295
30617861
3900371
141868030



209902745
16014231
10403884



390198653



297508828
322598672
340019888
342911319
346785616
357257419
373926324
443303541
509219151
514259164
515575303
520863552
528034601
535437000
206566694
559441654
569869287
237318523
268284144
269146109
3441639
295635502
315958062
301497410
323069230
332707912
399862159
407068847
443049674
445019646
528651684
482095113
529125879
534551238
202963713
194430091
433340060
182395053
229666199
278722854



18467144
29682820
38682437
39446525
6761508



64430916
140205968
355494959
55783291



1390522
461180
1341452
3375657



572874
9678950
64024
589377
5059975
437386



13674
9169
46205
96588
209957
59368
7091
237508246
221184970
97134
579624
99056
405764
4502
41826
854775
47667
14914
28584
1400162
1715106
504000
1533610
39495
2281102
3817661
81639483
22895
65484
192005
45544
40908361
11060830
13780
1201469
86472
21785
267908901
5304
6413



23217
1086335
540919
1383796



542238226
197081912



4727975
471839



1768721
179776072



171493867
26738



98355371
1380956
2194637
26899



321732719
619456
1965802



1486196
813053
1504111
640820
763443
1498223
869158
1577961



31420
2603902
103931
23841517
1489561
627690
1766131
2842849
98977542
20595



747914
31299
1409235
7711400



499734
2964402
204896
193472
293644
607548
32448
1522083
3245
1173956
427686
53627
233319
99902
6794341



8483
680396
561205
193130
209553
252407
57115
2391429
33449
241989
59317
65829
634887
76245
87794
642243
104743
156219
213694
223019
9131
223874
225947
933429
270950
378430
380957
387862
152016
406099
416704
524971
726452
896113
1335468
468646887
26081510
167521
543559
617016



3282751
2688936
506200
470283
16698400
15887010
2410631
521010
650743
518299
230659
443946
584390
1520831
2465788
14223798
19110268
300172
20273363



6798376
150832807



1292460
10462027



193772
22169808
40935661
37121



116063
11874109
113960
1292412
1568451
140759



1913723
882260
1085857



2787570
251570



148557
576303
3568639
168238
701461
1213448
38834



66031062



6502746
3545005



64511
3259
565528
5685
4318
126134



22260



3840260
27024150
203011



38575845
798957
100826610
4656597



1079661
2636145
969148
55784471
115507599



427434456



1353789
1707319



4731691
681998
1519023



54135713
155052104
1367433
38330501
31475945
96322837
149123149
442422
82956650
85364514



2540562
21456372
7245914



1759726
609856



294440
395425
610875



18529666
1532945



1737762
3508227



7791761
659420
150863131
3204971
267714488
2244684
46318235
2911413
4672020
854607
12202214
92413498
1229638
1677787
1588057



73772977
4952379



1720968
147392955
5513774
76710255
11231124
18340044



3184172
627118



2821752
1397367



1420373
163141067
92865212



1202094
901108
1348190
1747251
4345684
617822
1578100
623209
4658930
2411079
1035530
827363
1926639
80773906
15574420
842901
851257



1411007
617116
50072488



619769
150553721



17831371
1425316



5325273
1501862
401359
493646



25769366
1421341



6460764
545052118
1423442



3833540
2472049
17920581



52016464
1678232
275159484
251680112
68649350
380310422
69978241
3754373
256957529
94539748
74959558
538660835
69945613
196648306
224630703
4575196
383277086
387650088
429665055
237036573
195804306
519372808
294777377
70957120
380195891
100911060
251260482
231210518
243425927
447539953
143213287
49386432
68744619
269900552
200865746
143795176
161712518
342110226
343054669
309296932



444603258
676741
1425114
2527635
20122782



1396594
5356268
6906449
1978143
2762942
144033
1967515
13245767
3327546
5467484
540674
3060572
1653268
648112



8052682
4038448



5323007
6258791
1404140
2586162
39144031
3915526
19945858
1549241
4575368
2950670
41372811
2527717
15945476
5051584
11763978
2744036
1174223
985988
3932484
1461926
19872554
8597164
1996000
11167542
1270729
3694963
5827691
9673948
23069500
49729644
10823694
39431432
5334671
597719
1595274
798457
2114838
2780616
4575968
17893853



228347039
260034027
294866
1458478



4262350
6702668
5399200



1054527
1072893



1479180
2508654
1219623
777254



9374022
182088389
651877



139398065
378858
3698970
1976219



2288089
1455040
8444604
23964108
657349
1786187
3792120
963846
1718509
614304
6760937
18752352
169970145



1419298
5008891



659522
4336262



2338269
2172313
1323467
56161398
2093154
2497186
2407525
1964427
437162799
1543457
93967372



1830471
33995246
74682179
1836191



1165876
1440523
1074408
1456625
250201744
13676978
5885924
10611685
15046798
700237
1106029
3748073
18935890
4637630
193378
676698
467717



101755805
1504785



903297
393964500
226919345
101324020



323633822
164149180
10915691
11618793
345087894
133715261



1521555
2576127
4916908



24623835
2827080
2489761
1640774
1470447
223636486
1956517
3817773
1527464



103867490
95944537



3089686
2082050



233153219
4135766
293108103



710860
49820081



854220
2935545
3872539



204650477
67968850
50869386



5679456
244285937
12861420
149071932



5656118
1328369
4155373
9700094
278263868
749387



99692162
135810247
148404754
167603755
63772229
26549901
51101228
75347718
124591914
103849804
198894523
66647410
67826603
70962939
53482687
206406360
308927705
32369155
293421800
218584500
76552457
101631840
136742453
221802375
306782559
250835726
249472013
91784704
133522021
3115452
137727972
35382773
271678723
504793276
99693953
145161455
8705086
19773856
161724289
10527602



4463821
168549069
2260724



1026553
1360131



335450233
3721873



755104
165956523
5674677
1994727
7881660
595969
1549528
1599941
34370156
3504007
1121555
1574916
12147542
4222562



166813190
174616683
218970687
351257602
254686680
199633271
188393363
163095430
38723062
216468123
270413743
325023708
562048229
484870357
189573686
250524608
341263802
183713583
283242038
198500065
427938120
367932289
445296904
245973948
523523531
225714990
38741407
273385883
503647644
268332528
270587820
319475714
153351371
235452632
23658294
269749326
296656447
203243416
500056155
412383618



1045318
2261162



40478140
1579031
50625199



5964438
136217294
2477775



384051983
10398969



247104232
141227872



254375870
87783676
164638933



3087052
247682338
293281809



247871110
203682757



247707938
135110427



257723295
250612194



250738483
239623447
364608540
336138808



240794966
251266516
250766115



272792444
251222402
270412353



252792385
45260275



253556819
321575638
61676663
322526897



255749721
362513131



7697818
255904312



207023863
257827389



312285649
259234982



261910005
185172994



264995984
297096317
68767732
282459615
222394261
294446534



153040825
265826803



267064135
263889188



18819698
267867118



268278331
6768845
2341548



266331400
272795016
271600766
268217380



234821420
269529979



433295545
444765835
485214998
449068843
448624132
449690288
463448145
241850897
481260059
491488831
429251563
507797400
511203982
449691877
515247197
486973996
540215088
563449802
55084513
575403070
2079162
136139613
412712183
505915233
378082051
7475295
555885952
310840200
460265605
423982653
280829878
590328814
23807587
521940713
269871836
298217123
321035831
399462540
418001943
431466603



171785683
270741229



281806746
271024158



270413332
271558964
270411271



272750960
6026653
71262065



286897569
272789697



272789026
322620935
516256066
270414423
270907766
272793100
270909386
270911040
270912508
271478344
271599365
271599915
271602088
271602675



274627268



34278809
3674929
274833318



5090032
318498190



276283718
193966593



276358256
269632769



364118054
277301454



261835515
266036234
277030155



156036985
279249568
57608934
1783157
1205285



14603958
281336546



170390622
282739023



297724994
287625838
304847030
171055207



206190733
288830577
309173248



290332940
150944142



292673412
360185686



548708280
294743794



264049542
295179438



4133634



88053209



35820
58767
84549
175092
2540
206553
6363967
594845
607735
1212606
291167
274
43441
393551
37552
14616105
11589
21656
72993
95598
4409
256670
464487
620
2976
9397930



222736529



242710
12770
300944
330985
355096
650837
724927
178365
1144
591282
1483799
123657837
24120
461084
1986371
55843



1169068



4167
5031059
48376
58377
4838
89827
25098
109353
115965
117786
170179
6492
280743
995
1151211
348717
1139
1394
66559
204499
3022
3461
30029
3763
4725
1201151
5245
5448
1032797
91320
104645
179333
222422
481
5954
6496
8512
13717005
21357
251154180



38480997



2550850
42010
53860
67372
82682
105520
11518
16092
1486
5742
628872
1624
2296
2696
2728
74003
118914
9008
13636
32728
39558
41690
46662
46664
48642
57410
68528
72058
75095
107587
110370
117462
167024
184027
556845
2492718
5179454
41237029
80466451
90080249



35189623



67970828



2308955
4575489



390058550
36391536
81872672
6755608
23380129
5043687
117065663
60443869
116340897
322640507
255539431
131904979
6043964
34270210
3137919
95628210
15582840
20801840
38928336
37853005
8127260



205191
164427669
559161815
46462361
369504143
241126105
26691754
64158654
224454609
1173668
76690973
101021340
77062854
77830921
325814423
89672871
6342255
327144706
166509264
181520833
340937850
189223264
487519855
363761277
116832968
123319365
133165443
122694107
579141502
142627356
141484049
55163
152419016
23685262
169539020
321322320
171947113
442430870
38309201
41585746



20526720
256749
1354423
411644749
1674448
974117
802371
16876558
456595
485605
5836
1022641



621070
460901
1051187



603110
646214
256876



1575733
637876



12623915
3325989
348848



266562
34126
7004619



406280
1047644



260972
1205701
1427346



32467274
6255337



237202786
3230153
87753970
200876238
217935503
7026814
94121
10913893
430071
6257261
63131452
2457032
3084297
25064355



274834
529496925
4437291



282726
2832396
618223
181152086



287539
4489476
320532234
434881883



770902
291110
755796



2474146
58772295
1388186



85496978
470127



74106838
296853
913767



286243476
760590
3441170
1152676
5362587
3281846
5885752
1307514
6520811
91463019
97557114



303536
6116183



8791347
78407451



309123
1415095
2598447



1329157
1651275
50328



484792
438771705



987002
38554496
51424733
8153
34204435
2156724
356077
2354942
79561185
2156056
18109666
3165695
11939907
13531251
152677917
3505794
1515525
2448931
9348149
1575200
1882155
97512098
25890317
12500785
45429238
322306
4761
4685306
2197899
2926007
39239585
4519605
934608
17219
5293786
292726949
21378649
8498344
4186987
687821



4148260
218136



41468417
566529



773334
1352378
61009173



21217975
2801710
711696



6897465
253798884



759614
7785933
6952996
24777194
325300
18215
269804447



35754973
195875366
2306493
144864



147654654
15148394
1000193



783212
781477
2057161
3695899
349074
6703464
6234338
32613371



216951
1915716
564782
892547
343132
699318
957335
1109325
1173501
1285634
1555303
29950736



343513
1317446
3553080



2928671
1528512



2935818
82567903



47281339
32581158
33126798



487312137
2932810



4110445
33915671
1275294
2941347



571409
32777622
2693945
156532997
366619183
1034781
150740150
2764340
81819
205076
1762178
18362012
18705798
151455905
2692280
10517931
14908973
3019229
382613828



3026625
3431050



3314029
3043669



32377566
422701
788744
252742309
5418909
1742321
3691117
202325321
3063885
259111684
1621248
35626468
6122832
254046608
1667239
5977001



15857187
11146400



171961292
1690187



3099035
2018322



6610720
35663125
3100804



7605352
185550737



149374485
46453127
96140871
136276519
53331496
324724314
50175219
29725670
157090619
65171071
143524
53206056
20079501
38611680
142367428
1583620
29328617
73746940
137070403
145589200
9695286
7652123
51538631
1549833
22224959
18395737
18838506
19929885
188619818
39082009
42916573
82303173
29840976
183850057
46854424
226190413
14355731
24962173
51660303
34310092



269901339
7073504



56221463
9113449



134227387
134844860
8299251
4285085
138985037
159131292
143437
4415569
3270831
3975343
4416416
27378557
5288899
12662758
251022334
37620214
8675503
54258520
219161431
10062713
111247319
14197765
18739049
34843806
61773333
23868376
202033060
977353
101284243
23855628
6702184
26678938
119777711
22692949
43261964
138687416
42523457
216584215
29175419
53449629



65474120
23380429



37663075
55413505
39455908
57437701



87109482



11858324



4620005
3163310



3245068
3413437



13318996
3255020



1244943
3889561
10429204
4462950



54567857
591016144
46766933



3273824
142252950
247391143



3287973
1663346
333509706
187682192



3310701
87979735
5106638
6050520



31565202
83667129



3358890
121406006



10678628
4519427
3362233



107680222
8809437
3363882
3362218
3584891
72036606



3393219
67486848
3035524



233914944
47789263
31623841



5380398
3425432



147445074
5271121



295931281
6186852



3520548
6363540



46274577
2464847



18441467
3511143



10390823
17199508
14342943
5598912
3755667
3032387



4746197
3535015
5337842
14152636
7630352
231369163
2938013
4590259
937549
14744748



813353
59853923
3604360



395503548
3567763



318014441
1705764
2661969
225634323
82648804
256532612
155690681
244449181
249528090
297770699
307165294
385158741
390700704
401941063
310597027
554268092
410647716
325283565
339070181
213105618



519746310
196360345
216800595
506313894
291743545
594860366
212499514
3591622
362754931
174031055
181382772
289777256
166867901
224945970
232791491
263265117
203525390
225532262
347365924
352085700
432304617
358354216
539343658
570060102
507286813
461647398
162895081
352522296
494478039
161257086
177944826
311584358
335983840
176684916
255587295
492454139
274631012
54615181
282261753
321050423



247932
12808
302966
40702
13370
27079
55681
40090
356799
862277
244701
55782
269834
427926
204775
214617



460617139



76517
44285
3470597
290536583



33424
54706
83611
348936
223062
207175
43380
51719
99863
312097
425333
4869561
373198
67067
42904
565
48809
54020
73833
89084
5460
48233
97264
35524
65806
108943
2658911
39798987
6542
2300132
195741
122563
92198
17326
21377054
29142
30851
41525
42816



1335104
224996018



1849068



203818107



235623095
6742711
448065386
366688442
5302959
7559812
10338211
137230653
145500033
198171911
204645074
21388136
216913452
210624716
18322105
70461391
15330359
67096280
21278288
87854035
46604679
2834619
4353919
73599599
367161088



928887



504243395



329245999
154247461
5072692
190861508
41909723
180586220
143557559
17176015
112004335
201159195
293405117
11452371
222863042
72529276
69111287
133521599
413545419
5978908
70802763
187133815
119262022
508288790
92349291
273651308
224523567
226635042
269515097
286833035
269342401
261738599
95614904
152921147
305983302
43569794
67447327
274187858
325892816
203602365
132016317
179310544



540705924



2451446
5692707



5711354



5314530
13938760
121047



88157708
218512893
137869209



88400089
167955219
170203832



89289016



312689444
91392906
25026717



104493126
49460610
91848155



582045837
139080206
92184041
116386035
273802700
509216632
284213853
92163161



151696969
93845072
206890893
60624743
208877736



93367786
231006514



96309519
377544425



145353067
273900967



98796154
2502452
25755980



129050056
3686227
100596521
3771993



34338565
101397144
203200970



101851872
121715306
60055194



103706939
4269254



105526606
44412564
319252491
148972416



267334190
914390
15929397
173942378
104821559



105558928
233915640



147642305
107395008



223071528
227020996



224873497
241843692
212030691



109852771
226193434



25413654
112335189



203743841
117531305
112555041



118288287
140402477
62077616



52955449
119920644



176941789
121634672



120619539
228239574
251279524



124644456
53519952
170866711



237597770
183898489



130581382
252826539
38818464



33679547
132100856
136894180



195212640



133344673
24197228



134150648
86849016



141395778
134101703
152638928
169407315
179900760



198755155
217962256
217836517
134895344



511630843
299395285
539240476
295290161
586651689



343210599
343215205



135079731
40719304
183300944



177912491
134966045



285763910
135082975



136082184
257534987



444509980
427565566



492823
16866831
138521768



445608265
508184
77417299
2466642
7208398



1546808
3673424



2222739
1632098
25233616
461844



6398198
35029793
409728726
22671833
10244707
1657663
3679124
3721756
7944767
4618669
1941485
1489631
1482384
144493346



1946951
2275461
5381683



527747



53319001
2404246



2481697
191858209
520739998



35714619
2866606
2518828
429420698



468149
259493882
7363164
2017210
24588069
2208813
178411404
8408973
4861164
8997757
124113678
1943371
3139658
3433784
45987691
2228436
3322847
8316289
153097675
2110934
9399682
2689221
1797068
118717693
6508969
1508819
18412197
3881142



15880725
1540295
2103431
19910923
5475162
711278
47954016
22101
178263352
2316689
3219715
3665758
2711657
55047
1370774
20754700
320471
220578495
449059
56944
209930166
220618592
521249845
15358506
9083075
5846
2318791
2397858
141799
10395263
2335094
417798
1463892
54802
1354802
2610155
75791



351033
2716517
2375096
6816596
6650104
1569956
143708536
5592713
10846408
9842629



431945203
5670488
168807163



8636712
91037860



6369735
539624
10774387



21452089
8034672



1038752
423818



63997
450497
995078
630280
65781
941139
2254381
11028228
23163556



216149047



27347198
59260082
356495672



223442109



44160401
7369500
19857175



58707369



73485504
348516137
79451420
5624427
6277586
167379617
45292335
2018610
2804629



212783200



194392941
199253397



168545931



7906541
153320085
188887249
79318928
66285196
24549580
3693517
10949352
87811992
12501101
126584523
17579158
11158600
26802847
5262520
6342508
27734577
16448241



751245
936529
930100
234914
339315
589277
346125



156925389
3006501
122126665



65472
1109198
278068
517083
5992
908071
1269211
39074638
261329
472757
6715
3252637
114727664
705916
131464
628853
6440
61502
911
64060
68219
140734
261739
65474
351772
394567
470647
871758
560456
50295
6270
94022
102514
59992
300484
620208
2531265
3973393
466179
16742904



617271



852527
180944
643939
382163
886342
785239
736862
894814
1025668



1633954
34483
1026212
566488



2417683
366496410



12188772
1032586
45406
2861801
432722
8683640
74334
15745
390284
3606961
410707
3646393
224261107
383752
666191
396074
991660



514687
249415
262618
366693
783193
793202
1299321
176354
316469
352127
55031



1134881
931774



2210199
6089479
56796
6117849
609766



151498530



777992
213266041
41835280



58922
36227301
41138333
695380



1910201



286234946
4203167



390868099
303235791
44731874



3576866
2545971
500151369
1394583



682361
69791
1970624



9467
65511
1320705
1200810
1134164
1190598
4679473
3351305
1220203
823654
1479573
257708
140388
23295281
354971
371640
508947
523238
557556
691545
698752
993739
1143235
1509516



432543
3552906
9487242
3803952
355124
5308155
7432535
19386920
66987793



340381
256807368
467833808
1030122
7238510



413668639
3469491
1274541
444901181
360627860



522996
2757128
3050501
5905070
100686926
225542825



20742618
790909
991363



245248299
97085752
547406163
67418782
2410497



237355236
10171044
335346574
444904122



24296771
12609804
12139570
11797657



341365258
510828533
11807357



12009363
13261682



372288703
12332967



162859079
113348853



397027142
12863460



456581916
516864802



457987812
995751
289779296
177774405



164225093
13385075



14165223
1691542
2162329



39481657
62141753
14702667
3974410



109344943



110597777
111221371
97451770
135352375
138265076
139470757
56106307
94521532
116372180
139387274
144050936
29570273
38828995
142118186
142849602
42274593
1019379
27703248
53736258
675772
135328655
100203190
23738317
134975303
14754246
53211041
55775601
136899566
87954121
133319704
135660326
139034439
140238695
144074642
144196258
25960944
135586466
77480722
24744053
72797774



14870910
16522194



15420572
70920935
22662770



76609547
37518424
15759806



17175242
223402763



60367809
4312506
16473670
4504152
185001272



16871747
172227393
59491228



207050052
129132900
7536178



16951490
248714210



244093088



157575679
178383678
150983829
241841



56010634
71810963



18315546
83862687
82159159



334644724
224728359
39817735
10365838
64699865
273722239
4660331
3995528
136381001
145029298



19149917
88809804



431639948
299547163
215194084
2942379
27097296
146185097
226549079
42193128
2198911
12102522
34916
165218571
145157781
2671404
28352497
2802259
23753969
224220238
292179327
48019259
66357900
17975467



155837017
170626161
175030288
395224971
175504617
198638018
172818601
207123768
214454805
104029671
224505053
355622562
211075692
64243854
192017616
267951224
191810664
199022995
199128940
378102106
168879314
140258
420403096
233665891
72849723
413338837
268218465
267602513
18818396
154420134
188729710
253741399
52028479
324157912
170117018
134363545
218688315
353773171
169912779
40768254



537170424
19031382



6923685
19080775
22493445
59608343
12667192
13021603
27504198
19121689



55557280
44723266
58663638
133407953
104375286
66648098
105555784
113595155
112585438
115812909
138946499
259235154
139305057
37616915
19208113
282983019
192627218
225164398
266059162
10947304
21369736
20928181
79720983
5346476
177028624
175826070
98536203
85852352
13393764
34021222
273105099
38594218
255091389
28901030
267594956
25141414
53918776
33622075
18744732
439447179



60068097
20040085
88302229
23118088
35812167
90409840
44867876
56486598



19525030



318768082
505146477
19444175
12559806



1140993
335210312
1098857



95015208
2961628
1391824
19920629



124657
145027602
130820513
103043916
29715459
171165131
457860139
49479643
152326642
135887294
251664583
267909138
94319722
63109243
112257613
134738418
144513698
263188129
12627876
110524586
134667592
12560124
154768909
36279748
52760951
205685176
980561
980608
161523000
99873897
211929533
159893955
52323984
271061482
161201691
92839148



541129
27100828
1186418



42202606
97570520



66609915
213860443
445600141
271541356



220090470
20258125



82356643
187207391
20753372



131824829
551749



557323
136854683



6843558



34071847
381978634



4602306
55431375
11014140
141673169



1408395
251833509



18375445
28750023
486267351



116850



230307
206857068



1144839
359278
2303674



708659
56208569



462170
359881644
275153
56840013



5863
5671
6251



5506948
594072



1513596
1593400
966441



575998
591974
1698657
772004
4024932
4502082
1745258
8465706
12816809
35931771
1128144
1023124
1133979
1248579
143556160
9797802
2631
27932636
15095087
18331
3770935
591398
2058455
1113833
2445364
1288838
914279
1027716
564379
1048133
330441
1562633
4561041
57790777
41808857
10331407
1315341
1140610
51096328
9885675



10628487



587875
28633606



1469200
63986633
1539396
4678165



1091042
252543526



370557328
2903022
3466346
59607



2265918
34028160
1291906
41630
1234417
882185
890113
918664
921590
944100
1306952
1370917
1403397
1631944
11646
1131073
1726466
3278028
2988441
3300569
3346605
3457010
185566769
10849994
16546532
18029216
169841318
3967710
898562
5915
1617814
1695366
1316521
111242597
184642917
3344100
31745829
840812
2365268



17586356
2054915
7529
7257937
1666653
4182547
31372496
213763388



1113002
8754888



183705444



633223
285276
77838905
433567994
395487
402061
498431
2347840
723964
760208
22724828
1554822
48828694
84902988
1414003
409410
377651
499955
1986579
1642069
3531396
6022959
11439301
33220323
520414
477852
1940423
1798190
1622357
2555618
2639290
12876
3373914
453822
65962547
949976
1508815
447070
864924
533301



1845668
2429838



249086
12013
274243
245495
454581
295882
82991
201454352
388115252
558514523
654425
50935
505433



522704416
307067953



300400432
297347755
55168947



268059126
297982608



1762226
301492852
61904391



309497521
220258950



162170627
313424280
115921070



374362
315236741
145286495



28929471
317975125
41941805



67288088
447831249
114637909
243148437
25974659
176709997
196396824
202330522
212955890
213093739
215213454
206783481
230065693
255432057
256218991
295531244
365518918
413445724
429249356
259766146
489740143
504122501
275796080
205875400
445981408
457840830
337745244
354507744
82352026
318859471
196726999
1117393
1497272
331246747
276427347
305222556
343537675
356409988
194001918
55378061



21208675
321506360



482434366



59447888
233420846
331683279
52590026
204096657



327157851
330484829



370678806
331605956



337422799
232458606



331070665
345047548
363385174
337468110
115153614



337979155
270908707



152257167
342793796



222260018
347420190
38594



282427944
348900792



353691111
196449190



357216368
439580691
321908041



361344426
564335557



368353069
31868484
226290952



1815384
371148457



383043498



7337
7659
7685
5121
7007
7777
7934
7742
9216
9885
8000
9995
11685
8129
7998
8705
8944
22729
9331
39296
39599
13689
55372
36568
43267
726
166757
262245
109075
199175
3653
27047515
39760124
51209586
5362
1117
3793
1278
3210
7147



360104782
328478229



76061117



154291
193581952



2976988



254574634
27278116
370535592
3058485
60607725
1067103
133718683



3137183
1801018
8536997
992637



1867129
4261236
9459454



2290017
1516656
1892597
3126658
2451183
303522
2682621
767487
3409560
1238597
3662789
3883260
9727799



800062
1532338



769631
1550346
1588282



268415688
17025570
6789948
281880
509050
153348117



297902946
203896170
17678660
676706
1335112



13644659
3656826



783530
1750628
1441516
1170143
3578558
325068080
2340346
3103154
3208085
5281241
9062571
2575806
6810698
2265251
2274077
2700199
2282324
234213
12946456
13961405
3412232
6136751
184297668
8021610
43012034



1130808
979799



1339596
790999



12683053
235739845



827616
35314362
327775720



2660452
545599
1028631
3739160
3420327
3533057



150562294
13626132
839205



106859127
5208548
855665
4222856



839455
1242547



840707
1554844
2228494
3688027
7464656
85536422
2401709
3863253
12723509



844765
222686837
715840



877000
469745
856079



1969331
2402706
203619
3765789
970857
5328788
1459974
1358532
1326551
202109
1442525
1098949
11760678
2105780
20270209
1171359
1513389
1711693
892245
2829419
6766168
510276
184769651
565421
1497424
3245742
12997250
1079348
1128805
1250701
4856362
1193881
202395408
566824423
37173954
598812
1914525
283227231
863591
1882414



2253657
1959261
872232



876317
55817073
5910094



349482193
16263350



5288596
1939886
1695972
935627
2266504
8875069
1046726



61377710
213505531



7326017
12487756
1254580
529827
5530388
891582
7173267
10562664
2893730
3117789
8602837
3258816
5318971
1515487
161590490



4272435
923080
922954
15359251
2373102
1154014
2279788
121803449
2225846
2339495



104841898
7979640



188883303
8250584



2066673
899094



59298601
188165584



3023277
8015955
321742014
4703555



50087754
1171338
321229931
86071053
2918662
1884264
5979714
1980871
3918421
1618922



1050928
4207919



1341763
910963
87525
781630



9633657
913927
3606608
9793107



2953967
916460



2880357
283328603



3608707
12164806



915261
4754473
4392535
3958626
2021839
109753536
756441
2569679
6181382
7824886
7570421
1911662
5226666
132972957
3922600
2326761
6598100
1293484



165992740
1095801
1443388



1075488
11527253
4267851



919874
153854



2315399
1892891
3901143
10274567
11343020
3123324
4774961
10127337



4460770
931813
1171647



1500506
934368



