43003
987002
47795
55648
69421057
100801741
62383
103684
230307
319843
52769708
362810
18525346
543927
62413872
23498703
2961866
110152713
5356156
12279415



1759772
525354
12013
89827
109353
547151
170179
280743
66559
204499
30029
1803495
879063
365885
376637
499736
562708
60427
8512
302876



48376
58377
115965
117786
6492
207414
995
1139
1394
3022
3747
3763
4725
481
7967
394196
560429



2339443
11518
210294
1486
2296
2696
9008
32728
41690
46662
48642
57410
68528
72058
75095
110370
117462
167024
2492718
5179454



20526720
116063
256749
1354423
411644749
1674448
974117
802371
1234417
256876
38575845
16876558
603110
456595
485605
1022641



260972
1427346



266562
34126
7004619



274834
529496925
4437291



181152086
282726



770902
291110
755796



294866
509050
281880
1458478



296853
913767



309123
1415095
2598447



7785933
6952996
24777194
325300
269804447



216951
1915716
892547
343132
699318
957335
1109325
1173501
1285634
1555303
29950736



4110445
3900371
2941347
33915671



3026625
3431050



3099035
2018322



131904979
5043687
96140871
20051386



3273824
142252950
247391143



3310701
6610720
6050520



10678628
12623915
3325989
3362233



107680222
8809437
3363882
3362218
3584891
72036606



31623841
47789263



295931281
3458038
6186852
3239888



3468732
135030741



34370156
3504007
1121555
4222562
12147542



18441467
3511143



343513
1317446
3553080



4746197
3535015
5337842
14152636
7630352
231369163
2938013
4590259
14744748



395503548
3567763



3578558
887565
184297668



247932
12808
31132
244701
269834
427926
6414505
40702
356799
316695
55782
61984
40090
302966
13370
55681
862277
27079
204775
214617



970447
1138220
1486213
1318727
1806848
1644351
1675907
1545843
1704990
2237548



68504419
9878625
143554404
6858371
32383401
284033708
2173664
227923755
48505374
5421412
269515958
8863704
11639803
13915230
564041224
26151177
31670792
51269035
53050368
53212318



134844860
3494827
3142437
159131292
11027712
4416416
2545159
5288899
10875064
58331660
61409097
111247319
14197765
30331926
18739049
48571872
42523457
5745334
2610155
207249564



3441639



431081729
475088010
494497425
406865183
500806372
353545786
300533308
366759669
487271441
238424004
507286813
535837425
529125879
534551238
552969971
244763473
270820963
311584358
1549019
223636486



81964090
312935027



88400089
167955219
170203832



312689444
91392906
25026717



104493126
49460610
91848155



307165294
377544425
96309519



101851872
121715306
60055194



105558928
233915640



147642305
107395008



223071528
109852771
226193434
227020996



118288287
62077616



52955449
119920644



120619539
228239574
251279524



124644456
237597770
183898489



213178191
451940911
258245305
258270429
261978624
270085149
38818464
299034253
3454779
217509642
252826539
465195308
130581382
272035623
504903221
1509277
482434366
325820549
246201678



33679547
132100856
136894180



133344673
24197228



179900760
134101703



285763910
135082975



135328655
195212640
77480722



571520524
135597158



461844
2222739
1632098
25233616



1540295
19910923
22101
47954016
2316689
3219715
3665758
23886685
2711657
1370774
220578495
56944
209930166
220618592
521249845
2318791
2397858
141799
417798
75791



6369735
3006501
10774387



450497



278679372
34094379
267267231
132056918
40890151
230141639
23175098
230992155
227935251



767696
2693345
3238991
2305468
30005598
18087600
330094
1529076
780779
1228473
28037397
560045602
14472063
620142
2071743
2253856
619634
1397646
32141982
344796650



53576250



167377752
419044030
284369798
159529649
139650034
162438490
166480875
162146554
451221683
522673653



156925389
122126665



1109198
517083
39074638
261329
472757
11163651
911
65474
107558303
560456
50295
6270
102514
300484
620208
317025
399013
399256
21080273
466179



566488
348848



514687
249415
262618
366693
783193
793202
1299321
176354
316469
352127
55031
161827



163234
713937
680396
282179
350888
166662
221615
590923
252407
44943
634887
1269456
1006084
561205
223874
209642
65781
904115
4133634
217371



1459974
64024
3748073
589377
437386
3653274
20270209
1171359
7064802
467717
6766168
9678950
5059975
1193881
4856362
202395408
572874
37173954
1026212
283227231



9467
65511
1134164
38935717
1190598
4679473
3351305
1220203
823654
1479573
257708
140388
23295281
354971
371640
508947
523238
557556
698752
993739



1274541
444901181
3469491



295820503
991363
30810047
20742618
790909



7543304
150863131
59170922
245248299
97085752
15728824
129442344
67418782
97989285
2410497



24296771
12609804
12139570
11797657



12009363
13261682
1019379



12324767
105667582



8465503
83374016
10051843
12332967
72441444
372288703



12914155
100831496
137659832



164225093
177774405
13385075
995751



14165223
1691542



39481657
62141753
14702667
3974410



147654654
15148394



56106307
94521532
139387274
144050936
29570273
38828995
142118186
27703248
53736258
675772
14754246
53211041
133319704
135660326
139034439
140238695
144196258
25960944
109344943
72797774



144074642
134975303
100203190



76609547
37518424



172227393
59491228
16871747



129132900
7536178



20458730
38723062
53206056
88062216
38611680
19607837
142367428
117065663
73746940
145771751
145589200
10278660
22224959
87854035
188619818
39082009
42916573
29840976
46854424
151313085



19149917
88809804



166813190
155837017
175030288
175504617
198638018
172818601
207123768
214454805
224505053
355622562
188393363
199128940
325023708
27097296
420403096
322640507
445296904
268218465
48019259
66357900



318768082
505146477
19444175
12559806



53165914
57298775
64003557
25561783
68745909
86819615
53880779
22886276
36093017
28512023
52049102
42097571
22613039
63300636
85718891
86717702
87109482
15759806
71243761
3162480



42202606
97570520



509216632
216800595



275153



587875
28633606



87753970
3373914
51424733
94121
430071
949976
2141683



1091042
252543526



370557328
2903022
500151369
59607
3576866
3466346
1728592



1291906
882185
918664
921590
1403397
1631944
11646
1131073
1726466
3278028
3300569
3346605
3457010
185566769
10849994
5915
111242597
184642917
3344100
31745829



278068
5992
2177689
97411
6715
6440
61502
64060
68219
140734
261739
351772
394567
470647
871758
364658
94022
9540



319791
6180
80381
71410
94708
101675



5475162
954150
189305
32128
365430
9000782
140315
155861
20754700
193690
33449
211614
6926
6416385
31105
64358
33790511
17282791
407854
173586



3973393
6413233



18060464
196922
2508994
3914594



522704416
307067953



300400432
297347755



1762226
301492852
61904391



302531082
444142288
449068843
463448145
3121494
491488831
511203982
438384769
517727698
563449802
505915233
423982653
590328814
206848801
404843785
289779296
327074323
298217123
418001943
412712183



590974820
579294979
561498438
455362375
587895400
594343590
542724782
599317277
474979907
313017509
593849930
565773117
194430091
525136660
412471605
573359182
591605881



162170627
313424280
115921070



28929471
317975125
41941805



323633822
10915691
11618793



327157851
330484829



370678806
331605956
199633271



337422799
232458606



337979155
270908707



341365258
510828533
531811239
11807357
378082051



38594
347420190
222260018



454861406
522830467
456686568
469814372
517977764
113348853
582196703
559595186
162859079
564504327
357463461
588775814
12467048
493236836
450344056
556999521
502626383
572997438
571885089
585120091



413668639
360627860



361344426
564335557



368353069
31868484
226290952



1815384
371148457



382361766
527830091
541070916



4893
4947
5121
7007
8357
9216
9885
11685
11816
14769
22729
39296
55372
109489
120424
726
177448
5846
1278
3210



8483
63997
59317
65829
76245
87794
104743
156219
213694
223019
270950
378430
380957
387862
152016
406099
416704
463097
524971
941139



39599
27047515
39760124
51209586
167521
166757
262245
292179327
3439157



743129
2465565
7202
903
21723
27121
90692
94893
113332
113704
186781
200786
364614
382620
429860
465227
530339
542131
652834
2936038



1792
3368
3685
4312
4318
4799
5245
5405
5733
5760
5770
5884
5945
5957
6496
8704
9841
14047
22351
3888



42233
33424
54706
83611
1549241
3109250
67067
42904
9582001
54020
73833
35524
65806
108943
6542
195741
122563
29142
41525
42816



2976988



7337
7685
7742
7777
7934
7998
8000
8129
8705
8944
9331
9741
13689
21817
36568
43267
99374843
3793
5362
7147



254574634
1929049
7533465
107790116
370535592
3058485
199932959
539376355
60607725
1067103
133718683



1867129
4261236
9459454



16546532
2290017
1516656
1892597
3126658
303522
2451183
2682621
767487
3409560
1238597
3662789
3883260
9727799



769631
1550346
1588282
616915
999755



777992
13644659
3656826



30383996



7026814
788596
406102



4143643



1491888
4839262
974947
4749571
811920
4030608
1301380
395171638
50342696
886213
2453266
1618135



800062
1532338
64288098
12683053
235739845



827616
35314362
327775720



150562294
13626132
839205



106859127
855665
183646676
877290
4222856
5208548
467403919



839455
1242547



2079162
359881644
840707
1554844
2228494
3688027
7464656
85536422
594860366
6342508
2401709
3863253
12723509



844765
222686837



877000
469745
856079



2253657
1959261
872232



349482193
16263350



12487756
7326017
1254580
891582
1515487
10562664
2893730
3117789
8602837
3258816
5318971
5530388
161590490



329245999
190861508
143557559
74959558
378102106
72529276
413545419
119262022
508288790
92349291
273651308
269342401
224523567
269515097
133435397
152921147
305227494
305983302
179310544
218688315



5314530
13938760
121047



3023277
8015955



910963
781630



3606608
913927



2953967
916460



17586356
2054915
7529
7257937



2365268



1134881
931774
518152



321742014
25332546



931813
1171647



783212
781477
2057161
3695899
349074
6703464
7363164
6234338
32613371



349944
55827371
49074357



432543
3552906
9487242
3803952
355124
5308155
7432535
19386920
66987793



466233282



156372889
372826



377004
24946012



176086735
431415564
217352281
835414
35496886
116984281
146252316
193838956
223280895
445797471
524896396
94743574
555313
441990965
511373
7797458
8841394
3211052
156844762



189787604
304985114
378880



878302
380538
837264



852527
180944
643939
382163
886342
785239
736862
894814
1025668



134966045
646214
177912491



248714210



109832264
377030069
307061794
281523875
4460770
215194084
215682424
136506644
276798750
154420134
152758039
300644265
188729710
321322320
27296322
417877759
321837846
248297907
70678073
41585746



854607



12188772
5242081
396074
2265467



235634717
490777473
397586478



229904184
406280
186262365
134047366



576528433
577480
1182206
620351
985870
406812
1056364
1244962
1887218
2250431
2070817
116377311
2594836
1509348
3060575
3448530
3485158
332949899



1325420
258327059
61410



332419163
184189446
408105842
143437
249321631
345627175
504973660
218711302
167212840
221801787
223957365
251383000
422523444
343138191
91872011
448612364
498274428
297747674
359134959
339070181



442422



149374485
390058550
28545191
36391536
38933117
81872672
92009917
20079501
147862130
29328617
51538631
1549833
5129494
138081922
67462538
14355731
38928336
226190413
37853005
51660303



55557280
1910201
149123149
3831728
21211217
1583620
100911060
66031062
76084619
23585127
192947183
100688188
40262898
26287276
214322320



53331496
157090619
6755608
588089683
60443869
10628487
43302113
34270210
3137919
36851367
25852426
95628210
4647642
441027
4353919
367161088
20801840
2786573
24962173
34310092



686396
220246900



32777622
2693945
156532997
3139658
269146109
150740150
2764340
81819
1762178
3019229
18705798
992473
151455905
3605548
6665694
10517931
91812264
14908973
99282672
382613828



216149047
352136452



1231226
1653142
1795431
12852260
1868211



260631431
1664382
6410242



2224771
235077854
1679436



44142979
354197096
101021340
69755578
158680203
212698059
52450171
85784357
221705833
92687646
7868404
268831571
71576077
148157321
300286151
176920866
183265882
44567317
92839148
93734922



575998
772004
4024932
1745258
12816809
842901
901108
1348190
373198
9797802
18331
591398
617822
2058455
914279
330441
1048133
57790777
1035530
9885675



3358890
121406006



83043415
245973948
1754605
106442196
5975582



3425522
2972506
6927224
1334895
452646399
4926456
1763334
46108220
2151163
8253017
2281102
9774070
8735141
2562329



134227387



1801062
29798135



138112243
1818263
298933



25413654
112335189



8408973
4861164
1124754
1584200
3433784
45987691
7807267
2420414
2920103
3322847
14133126
2110934
2596259
1834908
4166878
131799952
226365277
6508969
48026708



1839887
82352026
256066458



166657498
366619183
1562317
15461463
1860246
288655241
2614331
8836881
321033166
27314756
207971556
3119426
327362270
506393732
67284700
17141578
1555421



198454135
1864111



457987812



145027602
130820513
29715459
457860139
152326642
267909138
251664583
94319722
63109243
112257613
134738418
144513698
154768909
980561
980608
99873897
52323984
159893955
161201691
19598808



49676165
299540187
186883929
414285878
35738804
43605412
80883558
145327230
168040660
3614550
133674817
9760262
97889822
102003625
94642914
176074205
177316763
200230866
137640821
87839451



133740305
38554496
50164494
79561185
204600866
151420076
138247684
45014187
36752745
13832242
62469652
157263153
20216275
13369621
7984202
137719875
25333736
26139764
128505519
139530074



511630843



34370289



335027883
252925877
3853528



169839117
557561557
372698134
3845314



49439112
1355098
70663485
187332266
1619239
118683907
76388561
2223633
364824462
148925634
2181567
3898882
150703446
204994493
2461992
30166
1347620
59275223
4102329
27754923



1244943
3889561
10429204
4462950



196360345
173027189
954313
213236318
80571903
219938102
203525390
248361682
171624971
3952060
304988068
110591347
434466230
533559666
673357
356958166
251159614
398412688
276215348
450179046



5781736
8299251
15890
3270831
3975343
12662758
8675503
54258520
10062713
34843806
23868376
202033060
977353
101284243
23855628
6702184
26678938
119777711
43261964
53449629



343832064
525236324
237318523
295290161
3823866
454740582
470266038
7475295
471265997
532730916
553203010
580732176
368666961
5206410
591048878
171448052
58627084
16951490
216584215
332583983



343210599
343215205
268284144



6203459
4732419



4026591
29156051
59464113



219161431
22692949
27378557
15937615
4285085
138687416
138985037
4048230
251022334
32000941
37620214
45207280



286234946
4203167



4174803



651877
914247
5512088
9374022
182088389
1666653
4182547
31372496
132217647
213763388



14865439
23980407



145318765
17025570
4219803
153348117



1050928
4207919



5931467
4231702
4770900



397027142
12863460



16943224
8677967
17106667
96508534
151656914
66322552
1403645
9585685
238622764
5303950
87875480
13554407
18395737
18108357
13667905
9030088
80970421
2657810
13463608
39418294



4355261
83898419



6769123
293263718
4428264
2278519



4611210
329829729



206866891
187236627
64158654
224454609
194392941
76690973
325814423
89672871
248121
218584500
22842014
19650415
123319365
133165443
199253397
8705086
38481243
23685262
169539020
79517210



34338565
203200970
101397144



1849068



448703712
539948474
4869110



10330072
4892805



264995984
297096317
68767732
294446534
222394261
282459615



4925172
59107462



181520833
487519855



69624406



164820203
154228240
237802852
160571564
137727972



276283718
193966593
137869209



236807623
140402477



208476140
398156436
140428447



287539
4489476
434881883



140898581
242821246
49482493
200279571



141474364
12761718



136899566
87954121
111221371
97451770
135352375
139470757
142849602
42274593
116372180



131791875
144529815



374362
7579711
315236741
13531251
17088976
1515525
145286495
30691242
463609



193390795
145240220
201405717
165646676



145353067
273900967



225015994
146007727
284922735



147231824
147868806



152257167
342793796



561492010
158411248



158869527
205107546



160916564
101857225
538777931
494276079
160911058



186331782
175617239
332364288



296995146



235785067
162305266
200534989
227477702
243857857
247995281
268030950
31858582



168729975



16011381
145894797
164292196



165992740
1095801



253443396
11055237
167566675



152638928
169407315
141395778



170166484
112251702



297724994
287625838
304847030
171055207



170929153
250224611
25160196



268059126
297982608



223818948
171357181



171687729
224682122



872338
173272328
520729603



173764221
192249678



176572972
173498559



330011470



345469941



100608880



3287973
1663346
333509706
187682192



360317146
361723009
502391797
326468183
153214383
132567566
218925575
316950834
177787443
225186254
229573680
237158765
264478183
374808139
274429555
438040345
197618534
310597027
325283565
213105618



492769
2520785
20331071



519372808



351886421
55082571
171254402
296292445
174559513
191810664
50943887
226124507
232598048
221802375
268332528
73211974
440613167
222437971
165571323
170117018
276774176
161767731
318216094
376964087



183119030



687342
136248
688995
14895372



103706939
4269254



146850870
2929402
8884602
7670072
152677917
19330437
32896057
6162960
12500785
19526191
267214675
182987562
39336649
9399682
1679382
118717693
292726949
11917227
263057949
4650609



359939579
41138333
51711598
1498165
20597794



2621073
4915312



814917
28652779
1518179
156441
248275
225947
380892
1023101
520127
6855392
536452
1368160
2168624
170208525
241989
462871
2538003



183286
1021555
612525
878702
1127720
694703
217298
321113
1574442
593759
875070
489148
159053
5151085
302990
627998
1223950
1547708
330830
1450787



1079661
2790056
1284429
398460
966667



8434969
51284714
159618



2282550
6563914
2832818



6713880
7192489



82356643
187207391
20753372



3177420
385627042



21208675
321506360



1667664
385697306



44723266
58663638
66648098
259235154
61693029
225164398
21369736
20928181
175826070
98536203
85852352
54135713
104570574
273105099
38594218
28901030
424397339
25141414
541053001
226934517



457530720
491144407
334394785
70824270
71580191
95849916
126180557



178312578
463776836



405406127
168688146



547091447
153327507
71859666
180326500
184959171
192186264
196882591
208360942
239108762
243957592
247987625
291927399
205875400
476574737
212205185
182713909
90585744
507460779
200475832
1952528



126421386



275159484
68649350
69978241
3754373
94539748
69945613
224630703
383277086
387650088
429665055
237036573
294777377
231210518
243425927
49386432
269900552
143795176
161712518
342110226
343054669



446140929



335273244
21115578



1602011
38847505
21251457



50307188
27919436
29480265
86711045



22555688
1369341



138157441
32717748
22802949



105526606
44412564
319252491
148972416



1556824
88201338
188817225
23126814



60068097
20040085
88302229
23118088
35812167
90409840
44867876
56486598



23738317
55775601
24744053
138265076



218970687
104375286
184839710
243357365
426541954
270359280
339139859
345815221
438338671
133246798
275269670
256604420
174005394
214097202
225436190
246313029
404706420
422742946
85623181
213541422



48114761
71485901
97685922
112085510
24039970
87428533



540705924



133898978
134741370
235605387
137826446
144392216
26691754
202590157
62408529
1463865
106574333
220644333
122694107
22376432
204748774
163492368
174427399
173929980
181684705
38987952
163425214



395224971



91854007
55823231
36286929
83776475



141580837
24798473



51101228
26549901
103849804
124591914
53482687
75347718
206406360
32369155
293421800
76552457
225623376
306782559
249472013
91784704
35382773
271678723
504793276
99693953
161724289
10527602



90915751
45267255
27372420
26591212



26785285
2190291
73341593



31724785
27205954
53473602



27347198
59260082
356495672



27504198
6923685
22493445



112122354
27540517
27060873



63099843
27670351



194864711
28321846



28724748
44692752
66647410
85247692
108875903
154394783
157013106
145901397
66835995
34381072
438361177
266999224
182289133
116012399
28408034
294978794
147332981
1518010
3487522
343112395



5257845
992637
29316226



3759914
29761227



32377566
252742309



56579500
67963576
284539503
95527759
95658062
96688671
96882448
321371476
97416098
327144706
99839996
340937850
101348503
101631840
106956823
116704687
120874313
212783200
154062231
30198022



207259001
157733847
33224084
158270233
223274899



33227136
57697607



804207
490903



1140161
153535



922954
1621248
202325321
1667239



586016



684803
49511361
535914782
87955
268034715



60739679
1734069
495282
51663
500233
436454
641185
318406
370229
366477
44013
453863
383375
1751815
574405
100816
445778
6157
415640
433591



169350926
5162969



1827409
2344220
975740
449691877
7127945



1169068



89026285
12474139
115535376
413540672
249989102
1290904
3801284
7293309
507451
83861
636852
719438
3510923
1458024
2444199
700773
256609
583855
570459
226919345



6742711
50175219
366688442
7559812
10338211
137230653
145500033
198171911
204645074
210624716
216913452
21388136
18322105
70461391
7652123
15330359
67096280
21278288
73599599
82303173



8050499
8475690
7950349
53202306
8404602
3358426
1672761
3354588
6675758
8902553
9785428
8661988
20015073
21187163
29032904
5545088
20491385
23263577
17744301
12289037



81928866



152871
267393247
933429
9131
2999291
378781
726452
2155769
468646887
758515



57115



798957
100826610
624671



1611
51678887



1405
2645
460617139
8331
90070
11427
24067
40212
92079
142717
18310822
181306
220344
1118
92363349
1840044
4150
4803
5772
13717005



43035
1801018
5671
62107
79133
10913893
56840013
6299343
3915
6251
320471
3653
5863
5448
1032797
50069
57973
34483
1986371
462170



317204
6823134
242739930



633223
285276
433567994
395487
402061
1508815
723964
760208
1927100
409410
377651
1986579
3531396
6022959
11439301
1947814
2263217
2347840
447070
1134104



2707
7438
49518
1113
79672
2731
5862
2258473
6317
54598
87574
261536
1119
39924
73121
1876544
1110
16742904
20507016
1127



176941789
121634672



12770
300944
330985
355096
650837
724927
55843
143524
348717
1144
591282
123657837
1483799
461084
242710
38480997
178365
91320
5954
21357



356077



530523



565
16092
2498251
11809
1624
2728
48233
1059679
97264
13636
46664
101361
189992
238583
556845
17326
41237029
80466451
34777
90080249



45756983
1860
56161
249231161
207549
1252
2767
3646
83117
3962
4163
3461
1095
4761
111251
999210
1213
2694
3736
533



461519
1685970
276308360
1985648
144170



35820
58767
175092
206553
607735
1212606
274
393551
21656
9635879
139515332
72993
95598
4409
256670
1419776
620
2540
2976
5304



29642
45126
291167
53605
43441
58922
123629
265377
1468031
11589
56221
389711
97705
65665



9062571
6810698
8021610



1219484
1218767



16626
8060
1283907



74106838
1500506



537170424
19031382



2926915
940914



942726
1106854



293270973
407993
669094
1527940
16923921
715858
951885
231918
1948798



6274050
9193878
367394557
168879314
192017616
2066673



954176
734777
9544477
49730750
4388566



3221202
4512428
1197345
7896019
1451996
1029939
1173335



133394184
957326



4656597
1845668
194750333
965390
1665306
4484953



1358532
566824423
926932
1914525
1128805
11760678



975425
328128
2303746



637932
975771



6438654
153986749



18110719
978942



1130808
1047644
979799



1013157
8620563
9062926



1724931
1637595



505242146
170967346
3854622
123512940



27086779
391920400
21411516
1000193



1513596
1593400
1415907
6067933
1141514
1142726
966441
7520075
6913349
1570444
890293
1021749
178411404
1035979



938338
4245016
1101615
1214540
2589330
6569220
9112393
212911745



5741250
2348644
55047
295003



1026553
2637768
1813559
3137183
1428818



7791761
508184
34028160
9271143
41630
4125023
340381
9081679
659420
256807368
77417299
467833808
1030122
1229638
597154
2928671
7208398
7238510
445608265
1027716



482479304
3902415
92412827



1288838



5288596
1939886
1695972
935627
2266504
8875069
1046726



3608707
12164806



1056543
59324466
295141



1194344
1095575
4271584



1075488
11527253



1111324
3735159
532859478
433884876



8817341
4892087
142832818
1111387
6691251
8802384
2791673



1129593
334621855



39144031
19945858
2950670
6016288
2527717
15945476
1174223
85080164
2688419
5615944
3932484
19872554
1270729
84911534
11708234
2442254
132100272
934608
39431432
5245916



16688254
1307514
760590
3441170
1152676
1677683
6038738
3281846
2197558
3817773
5885752
3245742
3193436
286243476
5362587
16014481
3713406
6520811
91463019
97557114



3063885
5418909



8536997
1038752



1402540
338002171



431126
47936838



443162
59481910



439824
64689252



2897441
3216953
440102
2005496
75016846
121444862



3926280
322128639



220090470
20258125



53872587
2815137
3893799
7466968
9358381
13719509
4125263
10827587
2716902
11701474
13031355
30885385
8457898
30900203
72845863
16428140
15793630
1239350
4455938
65050603



12914856
456581916
516864802



1435703
2208216
22380455
139438923
209987831
268677433
7109311
2607613
458970
1396258
3556070
233432788
7239647
8418673
13848931
33742014
1990740
2082528
66644801
126919653



456930
459855
914693
6131836



461180
711278



5013777
5323007
4193634
15880725
6258791
10052234
1595862
208760413
2708554
3694963
5827691
84633459
233914944
3668887
49019665
798457
2114838
1077313
19119950
17893853



68658996
228209283



85496978
470127



395795
470959



8636712
91037860
1884264
1980871
86071053
19593966
5978908
50087754
362306768
1171338
5979714
50669938
3918421
321229931
1618922
444509980
323604279
2918662
427565566



1242903
2669306



3940771
12448828
136994809



1817186
2315078
5051584
3108997
2744036
2228436
5201300
8857392
50329040
4725691
9348149
8597164
22593527
38500343
109031506
18119931
115567841
3881142
4575368
4575968



17392117
383598556



93547789
471780
6517156
3808014
17278900
8089300
26821662
16422895
58914157
61267269
84307780
60699514
115816091
579141502
3570035
25467770
4679260
161156524
59990155
61929194



401807745
88053209
156061422



50490792
4012154
24364104
33809596
7702346
13534025
6332221
17189725
15175824
77109277
98458102
133808515
163705913
4908803
27188946
7429530
262982550
3318184
5637116
109177106



320850559
339751004



15306925



356514016
168067189
251680112
173541909
174733083
491802779
195241179
196648306
187743438
214273312
215735402
218740199
116643604
536103174
263553497
284083600
280334178
307528100
391300042
166057533



147501601
10434305
14439069
9110683
476264
42036949



1050973
611063



294440
395425
610875



1411007
50072488
617116



17831371
1425316



590844460
8536236



1575733
637876
555885952



923080
2315399
3901143
10274567
1892891
2373102
11343020
3123324
4774961
10127337



60319299
1895808



1057709
2722641
3751947
4070738
1920948



2880357
283328603



11178268
131578198
7229918
137151521
1925168



4643642
3326301
62058769
1946082
1528107
65965308



1946951
2275461
5381683



619456
1965802



568193
1952715



487655842
1961535



13826150
1979697



1987393
20828994



99103961
3441920
8690486
13490413
15728471
2130792
2576213
3226515
2864387
57179347
3018488
3313018
3741858
2582355
5219537
5823813
7928645
189809855
1883852
451284620



895162
67203839
1743074
3912374
1995837
51190211
394884584



199493122
112702450
94009



56575390
2039107
107973002
158288589



60367809
4312506
16473670
4504152
185001272



103043916



299395285
586651689
539240476



4130953
5976056



2086274



2105780
429251563



49768994
2137217
9013211



479435080
33645214
1327059
655268
256863
1184494
690878
8003176
91925689



124113678
2162329



29449927
2137662
6806112



54913237
484775121
1217800
2146999



73748910
2132050
28877095
4478507
18109666
9817517
82285287
122684351
8515112
134478814
9845322
28042547
16915758
5489298
95612015
6524188
24511782
169115580
4332478
7512655



2159435
4067273
197837684



11854390
1633954
13771051
59611708



54874748
53037222
2167857



1113002
8754888



3651143
183990200
73097780



321908041
2248007



2305566
1864263
142312411
6792455
2259698
2425111
4881400
18188390



587347382



590415705
447476108



55811900
180431



16223701
957401
406978205
2466642
2106626



1147722
241814955
175098



64448309
428381
1778416



250357
364050
498431
27625245
3727825
181466
534325
5739358
15887010
16337487
893912
13366200
214982
12876
50601
453822
21378649
107095
269743
377261



3013119
459890



465459
7208564



190468
266770803
1321978



1397367
6026826
856181



193247
199324724
6854347
22502231



1440523
10611685



53319001
1306952
919874
3246849
895922
2404246



406188975



1205701
226958675
17221178
15264826
771347



480648639
194162



681998
1519023
4731691



25651077
196772



97184344
4735952
268113939



25751711
16420623
175044481
173093789



308375404
337745244
146185097
914390
20009871
173942378
60151925
177944826
196726999
95614904
145157781
271231898
224220238
160931851
255587295
274187858
276427347
305222556
343537675
356409988



221493415



40084814
685464
280827617



558815
273227
302811
557509
660817
844130
1019679
204306



33482
214108



304565
204535
288350



237202786
217935503
40908361
8908779
1151211
63131452
2457032
3084297
76255
25064355
5931000



2235673
690659
957575
26451044



706283
59992



783530
1750628
1441516
1170143
851257
325068080
2340346
3103154
3208085
5281241
2575806
2265251
2282324
2700199
234213
12946456
13961405
6136751
3412232
408979



80773906
166228728
1578100



4620005
3163310



533301
1175176
1153292
84902988
1554822
2744635
4587546
143491
108725486
690331
985988
4298762
2448931
15910865
25890317
4685306
1798190
2555618
4438830
5243642



693732
8727139
52360422



236276755
7906541
10560407
153320085
188887249
79318928
66285196
3693517
23730683
10949352
87811992
12501101
126584523
17579158
11158600
25685811
1497272
5262520
16448241
27734577



11452371



597783
689564



890113
10395263



21862986
212093
81978710
541320
272751924
633720
2060013



21773209
95927720
172985773
178412213
219165125
6960304
382154810
500324785
2078700
134553764



383043498



43569794
52042889
237857337
217841709
244474708
218108391
352691695



21217975
2801710
711696



726270
1145040



6283830
972560



225471033
174017900



3944172
174616683
193256



175026976
268841356
236285998



247061088
120195642
921614
103166623
176071649
15052431
901032



176061267
279869940
17572749



178383678
157575679
150983829
241841



178261559
179024095
393802968



180034779
307113207
477273377



196236520
181005653
132244779
170570973
191271589



447831249
225750115
306182323
270413743
293202555
219875795
482973496
484870357
339664550
248668150
382840545
418690100
413338837
375683164
235452632
269749326
182812373
296656447
500056155
412383618



183713583



38059125
183151919



183968780
8067581
293138008
202565046
26793507
294134321



309692494
62233621
190721307



210939197
187612917



309497521
220258950



190615189
126785769



190733228
232195217
401467584



324663386
191528666



191807862
217900374
195482102
223980274
215239705
218419428



184719279



192512119
473337021



208907526
192527691



241381789
192610525
231006514



431077
195627563



353691111
196449190



52016464
180586220
714221
256957529
318014441
222863042
225634323
360883672
447539953
256532612
249528090
297770699
161763968
390700704
401941063
455605603
554268092
410647716
52028479
162036501



207793488
199070404
200789981



64243854



198755155
217962256
217836517
134895344



201222820
198743837



199050600
296801304



6428114
53599093
497595974
536175989



202893888
4549450
236956901



297902946
1335112
17678660
676706
203896170



203743841
117531305
112555041



204105852
222825289



288830577
206190733
309173248



205286506
151668481
214081887



301236668
294535023



151696969
93845072
206890893
60624743
208877736



392129761
208244035



209329708
172091599



217445890
229274712
209753330



210164031
211402764



224873497
241843692
212030691



18257111
212039251
248815725



213849001
117050225



2134246
430868769



1992925
180877772
5026760



13456836
1849273
5052705



660622
8097818
152390340
5128656



14176097
1653991
5137303
525986
32033508
4503301
235066
2545971
2003464



124657
40718649
5271121
171165131
147445074
135887294
14914
184580248
12560124
110524586
12627876
4830207
134667592
263188129
36279748
52760951
161523000
65726355
211929533
271061482



5298090
212397827



125006053
244145617
5334129



15857187
11146400



5353867
3765804



291025
65847857



5354320
92865212
6318370



19525030



217028366
11778423
210235599
5540856



254993600
164038
5371786
156291087



203818107



380310422



154599424



351238679
101101057
238683
429249356
55277689
5546202
354278881
368909093
392596757
431493170
442990485
507566085
543056136
159250955
160799040
253632126
167105461
188822155
207634555
329751694



10390823
17199508
14342943
5598912
3755667
3032387



5681611
26549982
15582211



143688864
205619476



431945203
5670488
168807163



5685446
414284417



136276519
65171071
1917274
10947304
27738841
31475945
137070403
57771381
82956650
85364514
143057534
37048001
5717259
255091389
6043964
118372565
135847015
85132547
72116805
146908661



5858413
207975022
205949713



5859849
3140871



6504092
32200692
8835499
5926827



141293326



192543352
6143188
177076135



499972871
6162416
1356980



103721075
8663259



6196273
19837666



32467274
6255337



73485504
348516137
79451420
6277586
5624427
167379617
45292335
2018610
2804629



6288051
5904431



388051158
393721250
554977491
559080649
247753373
395501124
562448223
566824129
436844823
563886417
352522296
377696078
386556654
435357448
389694839
477955551
511989100
483384954
564026685
580865057



6389229
3824553
1196423



158609343
6432609



112677484
6461727
16432916
55368510



324726940
6562499



6548042
47442323



334678
198734311



221779993
64431958
6640055
132040626



6830433
453065098



6866304
226977951
160624288
3967710



928887



677129
216337
76454
175910



1200810
1320705



931820
100628
761239
35663125
384218
4707265
860875
1015007
1073109
1192326
72981
1279504
73801
3448739
127986
691545
812666
1143235
1254773
1509516



35189623



896113
1335468
26081510



13318996
3255020



308416709
78588



17355155



84565008
394564
3020070
6249014



381707116



15196399
2163037
6239891
1060996



556344329
87881
1541041



11024929



1617814
193378
1443388



8804631
504738674
2253972
2002641



522073861



53458889
1409539
176641052
1240855



221879278
137495733



531831
11215628



49290
1201151
1141520
468654
1125949
25098
317766
372506
222422
419892



3765789
591974
2304626
35931771
1128144
1133979
1248579
18029216
15095087
3036568
1113833
564379
1695366
1562633
4561041
41808857
10331407
1315341
760324
840812



1730362
3741795
1247561



44176876
10576400
5012391



34431249
48336644
4831464
8490302
9308963
17838045
84089436
7092835
7300402
11555302
17085188
11399188
9819308
53313075
6579681
155052104
29667571
56029684
3879652
10472147



1521555
2576127
4916908



2156724
2354942
2059261
2156056
22183365
3505794
787314
1575200
1882155
97512098
45429238
322306
420314
2197899
2050930
20709375
23357286
17219
4186987
687821



10188963
1951821
32410
413320952



183705444



369605828



40367966
34335056
50856109
3709526
48520496



230639418
162879238



44160401
7369500
19857175



327019389
172887024
54109687
34414193
59069561



10242655
34764454



176235113
35293717



35205206
94267111



35754973
195875366
2306493
144864



35538484
57328353
146568945



47281339
32581158
33126798



657079
351621975



365468363
137845838
163327651
84787023
106005339



17298867
43359780
55413505
39455908
37663075
57437701



36722474
42540588



140377214
131425397



70957120
143213287



168545931



41468417
566529



183533870
102272391
93069073
83131614
43031573



34844422



170626161
211075692
199022995
226549079
233665891
267602513
559491292
270587820
353773171
319475714
161257086
165218571
153351371
253741399
80890376
324157912
134363545
40768254
169912779
194001918



213384608
231717455
256793488
293405117
292217520
253005098
70802763
24537285
68744619
226635042
184656728
227396482
235217510
332802222
1201469
325892816
395309889
3131203
132016317
267908901



303235791
348227286
267594956
390868099
44731874



477637311
44903902



116306110
559161815
46462361
164427669
369504143
206117242
241126105
182409893
538660835
372307249
6342255
166509264
189223264
116832968
142627356
141484049
144988385
152419016
158113047
106951645



39239585
506313894
54567857
591016144
55084513
46766933



183008048
433295545
448624132
485214998
449690288
198102209
241850897
481260059
486973996
507797400
515247197
540215088
575403070
280829878
69125097
9361038
269871836
321035831
399462540
431466603



16491268
268030778



419724728
365100728
271541356



48888286
174380646



270071005
49730393



50513147
50521420



20199520
50791109



51733187
76189850



63596076
51170087



57586194
63772229
22591508
70962939
298924427
253072734
212494651
150117817
80472520
136742453
263381892
243472242
133522021
139167333
145161455
188628551
156231340
205685176
72021747
106559571



51279846
202263728
202966767
260483733
275696092
39446525



129050056
100596521
3771993



51387912
1678850



134150648
86849016



44470100
3795852
119659381
2564028
5008395
138889778
79491719
209681732
84887798
94643239
150627353
142472825
222904353
121378062
290915292
27840008
29175419
37125363
43012034
439447179



52728125
67970828
3250734



140888483
480423240
186058074
251418712



53519952
170866711



133407953
112585438
113595155
115812909
138946499
37616915
282983019
192627218
266059162
59909352
79720983
282596358
13393764
144821452
257741619
46604679
277354415
86727916
53918776
191219147



137483957
254643490
586786273
182883936
287232893
151681852
340352532
191823843
457138333
226091311
368296554
221821499
292605387
344214606
182195652
284668331
410217461
155392004
334224369
277743580



175338057
53946154
97236887



519746310
267334190
291743545
244143277
212499514
3591622
362754931
2365957
181382772
289777256
166867901
263265117
162895081
20263785
176684916
335983840
492454139
182395053
274631012
54615181



160144608
169405345
172659
54159073
21662397
59198554
214092789
43021457



54620855
559870299



682361
69791
1970624



9012815
1361612
1870509
4394102



158099674



9924
138685964
169070865
406256595



100268095



34204435
1546421
4415569
3165695
69831324
11939907
7227186
13251003
17895248
76911803
809577
100921849
133550352
35817192
4519605
5446628
5293786
8498344
7793499
8468801



959803
1322487
1342717
25903098
77838905
259493882
2079629
3767499
26950503
671205
2146623
2848770
1230038
133293563
33220323
477852
1622357
45769
1508819
864924



1245017
5250885
1193201
162236



6535192
55541110
27392460



277244090



49479643



1595274



328027
468685
1204570
8640
1280921
1348398
1684915
5842849
6573989
458286
178414
509840
847051
958898
1056854
1589049
205288
1108019
4794834
101344128



369931



254046608



432493
8781
17323710
16047
4607671
42414300
209553
3087280
3392308
5106
694845
188041084
109075
182404693
6312355
118592
140544097
407827
557314
319318123



18215
592806
713911



876317
55817073
5910094



79397709
400838



6090
39866926
471007446
3100561



18362012
8921958
27312723
560544561
17784496



33979484
92887506
206600965
23415551



92163161



139080206



109799367
476488
8057657
267149485



482355
102060536
15358506
2244929



4052200
481382



431639948
54641926
320532234
486553
289192327
2942379
7220300
520549611
26614769
42193128
2198911
12102522
34916
144795167
2857423
2671404
1960058
2802259
23753969
246926615



715840
482482



1327458
207450
57113971
320351814
323452121
8414808
1916821
324698729
641177
973292
4328056
98169314
7173267
32686280
1388839
99177374
204969704
529892157
537457884
134341



759614
813353
3604360



484792
438771705



12764782
26059554
491953



1404140
1465974
2586162
3281409
3915526
3340072
504858
5155743
1461926
3133429
310840200
13767351
18593786
10823694
5246316
23807587
5334671
597719
2780616
2145242



219986849
80488632
505989



244449181
385158741
1705764
155690681



1528512



10479969
197630881
173241643
4767522



924668
2993123
714884



171961292
1690187



2308955
4575489



51398270
521823



3245068
3413437



522996
2757128
3050501
5905070
100686926
225542825



565977407
312797934
444765835



534030
1742321



35714619
2866606
540229



334644724
224728359
39817735
10365838
64699865
273722239
4660331
3995528
136381001
145029298



104821559
15929397
539624



4456796
154247461
85217064
3085771
2573188
17954442
46431281
2389500
6858415
125613
24717723
4450311
4786585
4855997
5858840
6694338
5364751
9287196
12544168
38718189



1140993
335210312
1098857



291046767
37597190



541129
27100828
1186418



550941981
51149165
189508888
409124924
70915549
207577505
84797484
219083665
245778806
121062910
128313246
134291367
302607258
13127346
144628503
284907112
194297801
415629974
214301142
81966681



131824829
551749



557323
136854683



1486196
813053
1504111
640820
763443
1498223
869158
1577961



1023124
3770935
1140610
1698657
2445364
4502082
2631



981612
1464021
3212490
54771992
78470840
393964500
321732719
164149180
153097675
1520931
903297
101324020
8997757
345087894
52480086
1234974
133715261
558257



1585666
1935752
18146079
93092
4863345
1594970
851975



724977
1149725



64589973
105555784
539962204
435631739
79907121
136139613
4557587
423818
6843558
47885195
25083321
31318791
10625647
40607180
1339876
55260491
158847467
180904412
50618413
411315268



110597777



565421
1497424
12997250



301097082



7352629
8160311
9284507
12309057
14299865
1572628
49492341
72127894
8918730
3365454
204368000
11603343
28750023
14170968
6033051
213771815
7022092
18375445
486267351
5156987



5506948
594072



4018682
6455269
597025
1737602
9707774
10338243
88215772
55138666



595969
1106029



274243
295882
1275294
245495
201454352
388115252
7091
50935
97134
82991
1533610
654425
505433
249086
454581
2335094
1463892
558514523
20304
6413



26802847
6329136
434863
24549580
318186660



535798
3547871
233395
11161
178667038
28990522
80872
49681477
131653410
35450
58412
1898069
199175
1715106
81639483
3997
2745
4862
46733
4517



33510
167559
281866
76781
83139
104002
55392
59967
548276
2750
55397
1229329
964078
6363967
4430
35774
60918



5709
10547
20271
58931
55038
3422
448194
34894
666191



37552
1512533
9083075



251154180



617271



1703468
359137
355568
162447
1940423
22724828
48828694



1032586
3606961
6
15745
59368
991660
405764
41826
898562
74334
331466
394767
936595
1136865
1450071
104645
432722
1768721
410707
3597



12932
1632852



4167
49784
190968
76608
5836
17691
24120
109381
66129
152061
493135
604946
739664
892314
15308305
1572707
3815713
24169368
5768
287070



178263352



213266041
41835280



1392406



2639290



382521
137789
4818409
140979
251237
329842
411269
427127
432895
520414
552063
577053
598002
985727
1386567
8683640
1117
61391275
367432
195631501



16084189
5055464
151498530



4272435
15359251
1154014
121803449
2279788
259111684
2300831
6122832
2225846
2339495



1535896
1566090
1167118
1568781
5882170
1639628



3393219
3035524



4219301
226529846
2188786
1501434
1522961
1192118



137155705
5194852
1186428
3443171



205191
360104782
10244707
1941485
1489631
35029793
1173668
133883
3679124
3721756
4618669
222736529
6398198
409728726
1657663
1482384
144493346
22671833
7944767
328478229



55163



135079731
40719304
183300944



361065651
342911319
409585486
162876209
174031055
232791491
432304617
539343658
570060102
445019646
455049530
482095113
488983361
555336780
559732684
202963713
396978212
229666199
278350130
282261753



19068182
250524608
158906413



55042688
363761277
24122259
18235505
14172103
274821249



1188328
15385715
3426726
19336454



1268042
206857068
2100485
598812
1813477
1882414



11763978
4602306
1210897
141673169
1164192
1254483
55431375



12801616
153768327



6274619
21289268
591286807



1916626
1344699
222024282
2274077
1212353
2205705
1882681
3316468
4071101
7693018



1216012
25363



5077989
5917191
2469375



571409
267714488
382222389
1742219
92413498
134235031
1588057
53931370
3204971
1034781
2244684
46318235
2911413
72849723
8791347
1602785
28352497
4672020
12202214
1677787



17408454
3674929



4846964
27564527



2015769
1465169



13713354
5644306



516734636
2278696



189968636
1285134
614103



628853



3958626
915261
4754473
4392535
6181382
2569679
7824886
7570421
1911662
132972957
2326761
5226666
6598100
1293484



1305822
1328939
57239526
258345727



40957964
8519842
2112093
1462482
7856646
2046917
13940890
3930546
5973536
4641606
12320421
3437559
26740307
1297496



1329157
1651275
50328



1316521
4519427
169841318



21765643
10078292



12818501
422346306
165006493



1339596
790999



1341763
87525



487312137
2932810



1346960
19076234



153114352
154382345



31350832
407602940



1397798
222639360



2265918



17599375
10756084
2692280
953190
321050423



222798587
493198
1360131



2293536
1658707
27867717



539394320



2575400
268765564



76358134
1399774



83667129
31565202



10253233
136245418



351033
2716517
2375096
6816596
6650104
1569956
143708536
5592713
10846408
9842629



71157035
145003131
382219339



184183741
2378454



2383226
2702997
3229131



24588069
4490799



126109158
59853923
3922600



174065059
18754209
22052542
2783717
103719595
200876238
8554971
14236094
10043328
88294985
6334069
13539445
6552799
16203797
2203645
2559236
2046729
5879102
10936166
1189043



8894597
2424669



2413525
4767372



49551997
275877345



2432796
143938767



2446475
326194468



2451446
5692707



2451291



3833540
2472049
17920581



1797068
10038234
2208813
45214435
2457175
937549
5066943



3971130
26875379



14870910
16522194



195640015
489814
78552762
715311



4703389
5372695
2474806
3366726



12691926
2485090
4262425
5125054



157043892
514676875



4842456
36069202
3005745
185838519
2487666



24623835
2489761
2827080
8034672
1640774
1470447
21452089
1527464



98796154
2502452
25755980



29898690
17722499



186726359



2518828
4703555
10764957
429420698
7223953



357216368
439580691



193518898
2570609



352829
2576828



1696230
3467351
2635283



2658911
200865746



2660452
545599
1028631
3739160
3420327
3533057



146430279
350807515
2850768
2690158
590990448
2912274



2661969
82648804



2702488
7683004



587522
321906897
4800557
2705257



4891733
2707053



3398253
2239957



46274577
2464847



2757534
19888928



59774306
2790953
34024142
65758066



2834619



193484363
232819233
231890859
387264138



5562688
2886043
4011619



13186380
2911225
139453711
3933777



165885989
2911250



44508774
2971191



462561
216257331



215718665
22089043
223064644



216865814
245396217



212884426
218338222



88157708
218512893



140258



32689659
501359827



254219792
309711707
7707700



427938120



135539988
221225013



222617132
173017534
225355108



216163995
222608429



17175242
223402763



223704896
407944883



224876039
1183038



224337960
224564595



1335104
224996018



227524656
43663334



854090
204959678
229332102
26146



229537059
83164357



229489696
229592826
229597853



230659295
210859372
215477540
201895372
24553878
26488543



235293036
231627764



252699986
236608981



38215107
324724314
34071847
357257419
141775978
509219151
520863552
528034601
559441654
569869287
2821752
483533787
460265605
381978634
237427820
11073301
12919340
547947227
92184041
386299124



238985544
7752206



4891860
241554281
24069514



1341319
243148437



245862336
83187327



362968667
245915489
200884715



246242540



841790
892700
458562



39312864
90904915



214109
264225
299537
1366642
25640040
63646439
168416800



2210199
6117849



935170
5933121
1833019
1058047
1698020
108143967
1454465
1574854
1095310
482756
1528158
989378
782257



5072692
41909723
221809
251833509
944100
5583761
1408395
1513351
2988441
69111287
207799541
428761073
49313710
366496410
2417683
4044482
4272765
261738599
66264776
1691051



119533235
36227301
239423744
382722
57520474
518248
32323192



564782
1865247
543559
617016
2391429
642243



84335373
4825392
547722
759228



223911
24559344



7890017
1348561
546534777



399924
1530981
1596113
1741252
17147888
126109650
282245894
3941362
59897380
85496521
96411293
4041114



75826
1983899



1506097
18463305
1651588
15746141
383001
5863580
55649460
3894851
12838323
328141398



468149
1943371
51096328
143556160
18412197
27932636



2821223
157243469



422701
788744
69344
1773345
970254
152334114
520739998
227827
2481697
3691117
4726952
4756068
5977001
8063340
14085717
5106638
28037646
35626468
191858209
56791375



621070
460901
1051187



653623
1681960
1123847
1057998
2002399
1000643
593882
898171
2038750
291720
768925



269324
1449497
1143031
116850



1678232



2477326
1296285



751245
936529
930100
234914
339315
589277
346125



355179800



439289002
429300882
303500994
242200202
77062854
159990109
77634133
334934533
118798330
38309201
157417301
157445438
254350168
168031397
171947113
156801904
442430870
32426100
163085914
208454576



1031354



6823480
690329



4575196



445288962
11355501
39584312



46453127
56109258
93203464
159710220
19086675
58707369
88941636
8736457
3395383
11800347
151915048
96106802
18393314
2903020
31825840
20471032
23709373
31745215
28755723
182143268



250835726
245297177
166188383
408434
67826603
210086531



1052321
1431035
4055350



1353564
118943



1809306
171348493
1777893
1166343
283923483



16931260
222560782
92335803
252130151



22608018
29858523
119077



109811
3843342
102039140



539119
113557
18440254
297192347



182732
391222
527747
2897993
2162552
150564
450992
471745
515721
103061
279860
158545
689156
461445
410484
114862
2144888
442421
181636
114877



3442087
367371
102841



165660
886214
206178
514705
12808665
561885
734551
389924



42456680
2347392
1024182
1541449
1559014
1835723
10002271
15857384
2036749
1529281
1398894



9598837



1351146



48224663
50367295
60448662
90070929
35711151
137359611
141594309
53177655
255539431
3200446
179985767
46574360
19929885
15582840
44570321
15743995
23883712
24418599
162635415
26552123



448065386



44293581
244093088
54093513
80872660
152135237
1775352
228197620
136422532
22317489
119121
271354405
52751881
49743022
79717162
18838506
5709731
8298941
8551187
19770627
36950783



235623095



27438068
139305057



341197424



351257602



28586550
523177
4875796



2832396
618223



2410280
359278
554173
2275823
2303674
1144839
65962547
499955
2117243
2260814
76061117
1233660
1922640
251555053
528222



104029671
17176015
112004335
201159195
267951224
138451901
133521599
187133815
228748426
84206996
225714990
286833035
136743608
36101917
323581651
67447327
51932416
6105289
203602365
309296932



233260276
214840
51387644
5371392
1003803
428804



214385
7207
23258
29046
85340
275683
175571
195
437764
54713089



167704221
6504320



146614239
140316277



64430916
449059
140205968
7344951
55699584
55783291
323671611



29320147
57482052



86636734
15967495



5064400
330700609
57360211
339074850



200885815
305356120
58094435



59223816
2765618
384275512



899094
59298601
188165584



59586985
171161221
217046927



60473412
194163826



191911804
61280716
127486691
234208771
9917438



61377710
213505531



84622702



61773333



61381700
91105374



62528799
23440380
87036430



78970670
11858324
73749781
53803356
41656507
89289016
88303962
75989726
23382119
13021603



229678383
239229264
139906314



48056968
68920750
63410271



331070665
345047548
363385174
337468110
115153614



2360563
63850351



65474120
23380429



498137237
65864136
299875340



17975467



59447888
233420846
38368520
331683279
52590026
204096657



87830541
66437695



66609915
213860443
445600141



132323909
66600992



236428961
67259216



66360949
76790647
136848204
148386333
39928427
166823591
169459510
199482708
294082709
172082574
304980544
237055390
255476890
361414339
251655523
139313913
18818396
20249971
31741467
59272326



56010634
71810963



72571805
354853002
214368549



78525898
18670260
232232431
6873505
525272023



266692290
4148260
218136
78918705



383215840
194422622



7807998
391713756
431105333



341465402
401565188



6580667
482481201
81089088
176517537



16435010
83226152
83877982
93817621



848093
2081562
83330935



136199309
57399615
47078458
16506913
16879219
27271134
58919322
77866639
39186589
7949548
19509513
35810920
63066760
87529467
83981751
64323497
52464915
2514760
8286507
34701643



84013543



6897465
253798884



178114798
6920698
165109839



214610456
75181096
20362113



6928515
425185927



7109430



1607131
7033738
1292460
10462027



269901339
7073504



547406163
11014140
7178803



7196773



60254796
432152351



273394194



542181300
526427766
330685263
273904732
306685457
440762789
295635502
255038526
315958062
323069230
457931947
399862159
407068847
443049674
528651684
538737895
559423295
560768954
433340060
470595504



594342975



206566694
18286446
105753988
226051477
182260766
301497410
269078991
27605709
300329410



65287281
7580575
1208290
367850246
7355667



7583472
365144058



78682849
177728098
2351840
43625549
18239724
6343378
51167213
25464472
157236118
12850144
71127705
114728241
159849816
185396749
7852046
5711354
51440548
8524632
223442109
38372751



7605352
3100804
185550737



28677746
368352295
30617861
141868030



171339150
371083395



7852184
253784814
60490381
214812422



104841898
7979640



223192994



8127260



8683036
73197194
88913920
88496860
30672478
46022634
93107040
34940473
71837643
74523694
81708683
97820449
8973985
41439987
153698905
101253978
70786321
8103747
54701135
87826999



59608343
19121689
19080775
12667192



3248581
153854
8204083
409013185



188883303
8250584



9569070
8291532
128245425



321629018
27278116
23640242
125082989
15949626



97157630
8348137
93367786



8465706



14411985
8417108
231536981



492823
16866831
138521768



445474278
77830921
281577579
8638858



18315546
83862687
82159159



224261107



3895538
430218262



68659344
99692162
51172100
135810247
148404754
167603755
190180986
198894523
240519308
308927705
100130792
59411366
353231026
3115452
134796121
19773856
21346577
156607095
146458631
52000540



8712894
12289821
1059440



48143498
89509180



8893788
2204920
226043042



9579006
157418370
8784068
262842640
5302959



8819165
136231099
136648388
137528912
78196723
135586466



7965178
9054915
77624218



588902
9238613



56221463
9113449



9651926



9633657
9793107



168583014



521940713
535569634
381640043



237355236
10171044
335346574
444904122



40596275



10038566



156020143
255942853
292264381
225532262
304997889
347365924
352085700
365126459
358354216
377511586
186112419
461647398
506006503
520459533
506798351
313746561
23658294
98929641
203568826
255640199



209902745
16014231
10403884



287403523
297508828
322598672
326350262
340019888
346785616
373926324
390198653
443303541
514259164
515575303
535437000
582045837
224945970
332707912
18615
116386035
273802700
278722854
284213853



56208569
708659



2343367
29769138
31420
2603902
103931
23841517
1489561
627690
1766131
2842849
98977542
20595
239031



65472
355494959
114727664
908071
2531265
20875
1269211
705916
131464



18467144
29682820
38682437
207050052
6761508



299547163



1390522
1341452
3375657



5031059
13674
4838
42010
46205
96588
209957
237508246
221184970
47667
28584
39558
179333
22895
65484
192005
45544
13780
184027
21785



23217
1086335
540919
1383796



542238226
197081912



4727975
471839



22875457
426297755
432903488
904888
1835967



994700
316822
733488
1542745
128926
295811
815294



179776072



137266



390284
26433
121948
336737
372523
74614
45406
192575
205076
374537
569736
119560
179784
383752
2861801
1500336
44126
137733
3646393
424811



171493867
26738



98355371
1380956
26899



934368
2194637



425333
4869561
89084
5460
2300132
230659
92198
48809
348936
39798987
21377054
30851
207175
43380
51719
99863
312097



7711400
31299
747914
1409235
474484



457694074
314465828



499734
2964402
88060
181484
204896
189669
193472
293644
607548
32448
1522083
3245
1173956
427686
53627
103081
233319
228
99902
6794341



3282751
2688936
506200
470283
16698400
2410631
521010
518299
650743
443946
584390
1520831
2465788
14223798
19110268
535440
300172
20273363
41372811



6798376
150832807



292604
33865
86561
91780
2735970
409404
3053472
15607317
32162052
94192
355775
368399
285320
338747
798702
7829908
5525582
37952
1002578
1885927



193772
22169808
40935661
37121



11874109
113960
1292412
140759



6089479
56796
609766



6116183
303536
78407451



1913723
882260
1085857



62857482
2787570
251570
2417694



48385127
58845952
4447150
71115248
5324065
6156699
6270362
6026527
9695286
7414366
6408999
11971326
32294045
12304487
21881472
205370647
54802
29583643
29725670
42404807



6502746
3545005



9397930
148557
464487
576303
3568639
168238
1568451
701461
14616105
98824783
1213448
38834
68203
39728
594845



23778886
153014981
19208113
49030665
62907304
981382
5346476
177028624
50217139
34021222
8802043
125020654
34843001
52185600
147159610
157014438
33622075
30857751
18744732
34566837



64511
3259
565528
5685
126134
37330



463978
84549
73642
277827
383346
73368
24284
824890
34253
22260
50712
53448
364382
67512
112182
401723
458215
826651
174868
2447



3840260
27024150
203011



4502
854775



7314
7659
8507
8153
9995
12935
20926
39769
231871787
129094
81102
10829
353707
29080
383780
15032
523322
853928
40022
94202630



529827
4735



1166147
877691
294364
650412
2506515
24815271
3920404



2550850
223062
53860
269468103
3768
67372
82682
105520
9169
4360
302572
5742
628872
74003
118914
504000
39495
107587
11060830
86472



1969331
2402706
203619
970857
5328788
1326551
202109
1442525
1098949
1599802
1513389
1711693
892245
2829419
510276
184769651
1079348
44130190
1250701
863591



995078
630280
108053
193130
425200
12652301
579624
99056
463252
608486
802739
906299
704106
1400162
11028228
16587085
3817661
2254381
23163556
758360



115507599
969148
2636145
55784471



25127870
2411079



3314029
3043669



427434456



200330320
61009173
200770625
117152848
183894259
144391564
188997719
162593777
288843533
5715434
1352378
147814333
72457401
73197364
93298445
123629256
267601283
138587968
19246967
773334



1353789
12985778
1707319



2103431
1354802
1394583



21456372
7245914
2540562



2474146
58772295
1388186



1367433
38330501
96322837



609856
1759726



82567903
2935818



18529666
1532945



1720968
2961628
4257853
73772977
4952379
5513774
147392955
1889926
15420572
70920935
198517716
95015208
76710255
19920629
11231124
18340044
22662770
1391824



1737762
3508227



3184172
627118



26904912
1420373
163141067



1202094
1747251
4345684
827363
15574420



1642069



619769
150553721



5325273
1501862
401359
493646



25769366
1421341



6460764
545052118
1423442



1926639
623209



251260482
444603258
676741
1425114
2527635
20122782
195804306



1244860
174339089
48113
886064
1425564



1396594
5356268
6906449
1978143
1370917
2762942
144033
8316289
1967515
2017210
13245767
3327546
5467484
540674
3060572
1653268
648112



8052682
4038448



23069500



228347039
260034027



4262350
6702668
5399200



1054527
1072893



1469200
63986633
1539396
4678165



1479180
2508654
1219623
777254



378858
1976219
3698970
87979735
139398065



134973059
175649064
428195661
1484065
4715982



2288089
8444604
23964108
657349
1455040
1718509
1786187
3792120
963846
1675069
614304
6760937
18752352
169970145



154291



1419298
5008891



659522
4336262



5380398
3425432



3520548
6363540



7773732
41750212
115061822
3890876
49243585



1830471
33995246
74682179
1836191



193581952



25974659



212955890



1165876
1456625
250201744
5885924
15046798
700237
4637630
676698
2689221



1117393
3252637



67288088
114637909
176709997
196396824
202330522
213093739
206783481
215213454
230065693
255432057
256218991
259766146
275796080
504243395
445981408
457840830
354507744
318859471
331246747
55378061



101755805
1504785



22696222
504650
6257261
2009262
4462005
243657404
297118
4789441
15629834
142748
686555
6159638
1642795
786190
2926007
3230153
4873676
1441165
2978339
2164040



1199516
4097352
4267851
1189266
4658930
1190022
300292625
687602
1574916



175918637



1074408
13676978
18935890



3089686
2082050



233153219
4135766
293108103



103867490
95944537



3686227
710860
49820081



854220
2935545
3872539



432993
500460
561220
361426414
1414003
193532
1225626
1755092
2165161
2136531
2501462
2265669
2727343
443448
2429838
522234
49372895
700446
370439
411432



204650477
67968850
50869386



5860338
1485967
712265
2243312
2379425
1318249
1396348
56505209



420503
5679456
244285937
12861420
149071932



5656118
1328369
4155373
9700094
278263868
749387



5336284
725700



502486
1858473
2407525
437162799
2258394
1964427
1543457
1996000
2172313
11167542
1323467
56161398
9673948
49729644
2338269
24968584
1558320
2093154
2497186
93967372



4463821
168549069
2260724



1546808
3673424



5674677
165956523
755104
1994727
7881660
1549528
1599941
695380



23380129
183850057
33908909
116340897



335450233
3721873



236611309



268415688
1559154
6789948
2101387



254686680
163095430
216468123
295531244
365518918
413445724
489740143
504122501
562048229
189573686
341263802
125075648
283242038
198500065
367932289
523523531
38741407
503647644
273385883
203243416



1045318
2261162



40478140
1579031
50625199



1753962
225511584



67486848
109753536
136217294
2477775
2021839
756441
1383867
1956517
5964438



384051983
10398969



247064990
89978826
159769273
171332024
228637617
252130809
234426651



247104232
141227872



254375870
87783676
164638933



3087052
247682338
293281809



247871110
203682757



247707938
135110427



257723295
250612194



239623447
250738483
364608540
336138808



240794966
251266516
250766115



272792444
251222402
270412353



45260275
252792385
55168947



253556819
321575638
61676663
322526897



255749721
362513131



7697818
255904312



136082184
257534987



207023863
257827389



312285649
259234982



494478039



261910005
185172994



153040825
265826803



267064135
263889188



18819698
267867118



268278331
6768845
2341548



266331400
272795016
271600766
268217380



234821420
269529979



171785683
270741229



281806746
271024158



282427944
348900792



270413332
271558964
270411271



272750960
6026653
71262065



286897569
272789697



272789026
322620935
516256066
270414423
270907766
272793100
270909386
270911040
270912508
271478344
271599365
271599915
271602088
271602675



274215097



274627268



34278809
274833318



380195891



5090032
318498190



242648812
492995979
276129148



276358256
269632769



364118054
277301454



261835515
266036234
277030155



142430
23978709
156036985
279249568
57608934
1783157
123454
1205285



14603958
281336546



170390622
282739023



91490774



290332940
150944142



290536583
44285
3470597
76517



292225524
378246074



292673412
360185686



548708280
294743794



264049542
295179438



